validation/pond_uf/modaem_psi.grd
DSAA
    50    50
  -100.00       100.00    
  -100.00       100.00    
  -132.38       132.38    
[rows 19 to 37 of 50, columns 0 to 41 of 50]
65.732304457873965 65.211644164294071 64.610575352621694 63.911098428817390 63.090386674278768 62.119659391126817 60.963257697326704 59.578698503366333 57.919391758225181 55.943010804523730 53.629079178510295 51.005550949101860 48.171761112614391 45.291853672143390 42.546048220202415 40.069694295016795 37.924755394039913 36.111375334597746 34.595288166971613 33.330486770222407 32.271827464758211 31.380119763770772 30.623224599401169 29.975477351773716 29.416603305813396 28.930619316287149 28.504890786130865 28.129375823648108 27.796038427193476 27.498399336938405 27.231193917353707 26.990111445803489 26.771595734535044 26.572691845603156 26.390927496826251 26.224220678789479 26.070807180971144 25.929183332998868 25.798060450177196 25.676328343453708 25.563025897090068 25.457317194186373
62.764124577662919 62.311139463424368 61.783021352700089 61.160900167258205 60.419747843490555 59.526145663473272 58.435474160372223 57.088980086297788 55.412522688015763 53.322043407670435 50.746335954538438 18.367346938775512 18.367346938775512 18.367346938775512 18.367346938775512 34.636815638485871 32.310161237266001 30.437231611516268 28.935907238627326 27.725643575276468 26.739904423676602 25.927333129037034 25.249289650090851 24.676868537710295 24.188361537286227 23.767324614857415 23.401167178948615 23.080137931433924 22.796597331705463 22.544493270770630 22.318980161297564 22.116139524940341 21.932772890842880 21.766246661790873 21.614374691182761 21.475328502015071 21.347567972901786 21.229787329372719 21.120872690862818 21.019868423271639 20.925950260931920 20.838403676604731
59.856167611727322 59.485030235711562 59.048460491395332 58.528352434170941 57.899701176975505 57.127313858805557 56.160792166023022 54.927121368156321 53.320910796462478 14.285714285714278 14.285714285714278 14.285714285714278 14.285714285714278 14.285714285714278 14.285714285714278 14.285714285714278 26.237050685402451 24.392418790145271 22.988077404003000 21.898884572078160 21.036937965265881 20.341625480008403 19.770914172701406 19.295208369821513 18.893281026448552 18.549615822750695 18.252661816716504 17.993672067321999 17.765918026876413 17.564148805444802 17.384212519225592 17.222786720121782 17.077183463351062 16.945206272337792 16.825043745055478 16.715189406856279 16.614380620429532 16.521551509598812 16.435796311411142 16.356340574991453 16.282518326322329 16.213753813243287
56.999743044970302 56.723581610433911 56.396318745534408 56.002697104603513 55.520924554025449 54.918926101864017 54.147874157301928 53.130675858336105 51.741184131545261 10.204081632653057 10.204081632653057 10.204081632653057 10.204081632653057 10.204081632653057 10.204081632653057 10.204081632653057 10.204081632653057 17.914741664448893 16.731422308307099 15.849363966667974 15.170356814169399 14.633332025583005 14.198889791651609 13.840697045638763 13.540583635679496 13.285653097752569 13.066522023250265 12.876212409552068 12.709434128845839 12.562107626608444 12.431038734708370 12.313692289767541 12.208031435492810 12.112401521331558 12.025444867148224 11.946037268617513 11.873240063320221 11.806263499205766 11.744438424156547 11.687194178609476 11.634041165908934 11.584556988016830
54.182981576388045 54.012542041420346 53.809485755263374 53.563549376378418 53.259712307937626 52.875124946127585 52.373360112370001 51.692902305604882 6.1224489795918373 6.1224489795918373 6.1224489795918373 6.1224489795918373 6.1224489795918373 6.1224489795918373 6.1224489795918373 6.1224489795918373 6.1224489795918373 10.990633569548622 10.183778799278409 9.6026527207539729 9.1652261278621605 8.8245381211075298 8.5519241007338405 8.3289558519768168 8.1432717154157483 7.9862814928713082 7.8518356941811289 7.7354191176662459 7.6336433667193413 7.5439169036761662 7.4642243504394266 7.3929751341963792 7.3288973727293127 7.2709619999363717 7.2183275494136829 7.1702993285519305 7.1262987955683545 7.0858402872319850 7.0485131202586748 7.0139676739229522 6.9819044586755226 6.9520654498129151
51.391272265158371 51.333634128732918 51.264773985135520 51.181064566389914 51.077128737833448 50.944641475651757 50.769993890869060 50.529325658346096 2.0408163265306030 2.0408163265306030 2.0408163265306030 2.0408163265306030 2.0408163265306030 2.0408163265306030 2.0408163265306030 2.0408163265306030 2.0408163265306030 2.0408163265306030 3.4212916818943695 3.2175856864717813 3.0661952467240532 2.9492798108392622 2.8562763406229710 2.7805343782343517 2.7176590510183134 2.6646300094404465 2.6193032540967218 2.5801149060865938 2.5458974903854195 2.5157618577615133 2.4890189297697041 2.4651264350516771 2.4436517980586889 2.4242457415275935 2.4066231604942878 2.3905490339057045 2.3758278911505499 2.3622958293673300 2.3498143889303540 2.3382658013880842 2.3275492639958140 2.3175779911208148
-51.391272265158385 -51.333634128732925 -51.264773985135520 -51.181064566389921 -51.077128737833462 -50.944641475651764 -50.769993890869067 -50.529325658346103 -2.0408163265306172 -2.0408163265306172 -2.0408163265306172 -2.0408163265306172 -2.0408163265306172 -2.0408163265306172 -2.0408163265306172 -2.0408163265306172 -2.0408163265306172 -2.0408163265306172 -3.4212916818943935 -3.2175856864718035 -3.0661952467240745 -2.9492798108392826 -2.8562763406229905 -2.7805343782343712 -2.7176590510183321 -2.6646300094404651 -2.6193032540967400 -2.5801149060866120 -2.5458974903854372 -2.5157618577615311 -2.4890189297697214 -2.4651264350516944 -2.4436517980587062 -2.4242457415276109 -2.4066231604943047 -2.3905490339057214 -2.3758278911505668 -2.3622958293673464 -2.3498143889303704 -2.3382658013881001 -2.3275492639958304 -2.3175779911208307
-54.182981576388045 -54.012542041420346 -53.809485755263374 -53.563549376378418 -53.259712307937626 -52.875124946127585 -52.373360112370001 -51.692902305604882 -6.1224489795918373 -6.1224489795918373 -6.1224489795918373 -6.1224489795918373 -6.1224489795918373 -6.1224489795918373 -6.1224489795918373 -6.1224489795918373 -6.1224489795918373 -10.990633569548622 -10.183778799278409 -9.6026527207539729 -9.1652261278621605 -8.8245381211075298 -8.5519241007338405 -8.3289558519768168 -8.1432717154157483 -7.9862814928713082 -7.8518356941811289 -7.7354191176662459 -7.6336433667193413 -7.5439169036761662 -7.4642243504394266 -7.3929751341963792 -7.3288973727293127 -7.2709619999363717 -7.2183275494136829 -7.1702993285519305 -7.1262987955683545 -7.0858402872319850 -7.0485131202586748 -7.0139676739229522 -6.9819044586755226 -6.9520654498129151
-56.999743044970302 -56.723581610433911 -56.396318745534408 -56.002697104603513 -55.520924554025449 -54.918926101864017 -54.147874157301928 -53.130675858336105 -51.741184131545261 -10.204081632653057 -10.204081632653057 -10.204081632653057 -10.204081632653057 -10.204081632653057 -10.204081632653057 -10.204081632653057 -10.204081632653057 -17.914741664448893 -16.731422308307099 -15.849363966667974 -15.170356814169399 -14.633332025583005 -14.198889791651609 -13.840697045638763 -13.540583635679496 -13.285653097752569 -13.066522023250265 -12.876212409552068 -12.709434128845839 -12.562107626608444 -12.431038734708370 -12.313692289767541 -12.208031435492810 -12.112401521331558 -12.025444867148224 -11.946037268617513 -11.873240063320221 -11.806263499205766 -11.744438424156547 -11.687194178609476 -11.634041165908934 -11.584556988016830
-59.856167611727329 -59.485030235711569 -59.048460491395339 -58.528352434170955 -57.899701176975519 -57.127313858805564 -56.160792166023029 -54.927121368156328 -53.320910796462478 -14.285714285714292 -14.285714285714292 -14.285714285714292 -14.285714285714292 -14.285714285714292 -14.285714285714292 -14.285714285714292 -26.237050685402473 -24.392418790145296 -22.988077404003022 -21.898884572078181 -21.036937965265903 -20.341625480008425 -19.770914172701428 -19.295208369821530 -18.893281026448570 -18.549615822750713 -18.252661816716522 -17.993672067322017 -17.765918026876427 -17.564148805444823 -17.384212519225610 -17.222786720121800 -17.077183463351080 -16.945206272337813 -16.825043745055495 -16.715189406856297 -16.614380620429550 -16.521551509598829 -16.435796311411160 -16.356340574991471 -16.282518326322343 -16.213753813243304
-62.764124577662919 -62.311139463424368 -61.783021352700089 -61.160900167258205 -60.419747843490555 -59.526145663473272 -58.435474160372223 -57.088980086297788 -55.412522688015763 -53.322043407670435 -50.746335954538438 -18.367346938775512 -18.367346938775512 -18.367346938775512 -18.367346938775512 -34.636815638485871 -32.310161237266001 -30.437231611516268 -28.935907238627326 -27.725643575276468 -26.739904423676602 -25.927333129037034 -25.249289650090851 -24.676868537710295 -24.188361537286227 -23.767324614857415 -23.401167178948615 -23.080137931433924 -22.796597331705463 -22.544493270770630 -22.318980161297564 -22.116139524940341 -21.932772890842880 -21.766246661790873 -21.614374691182761 -21.475328502015071 -21.347567972901786 -21.229787329372719 -21.120872690862818 -21.019868423271639 -20.925950260931920 -20.838403676604731
-65.732304457873965 -65.211644164294071 -64.610575352621694 -63.911098428817390 -63.090386674278768 -62.119659391126817 -60.963257697326704 -59.578698503366333 -57.919391758225181 -55.943010804523730 -53.629079178510295 -51.005550949101860 -48.171761112614391 -45.291853672143390 -42.546048220202415 -40.069694295016795 -37.924755394039913 -36.111375334597746 -34.595288166971613 -33.330486770222407 -32.271827464758211 -31.380119763770772 -30.623224599401169 -29.975477351773716 -29.416603305813396 -28.930619316287149 -28.504890786130865 -28.129375823648108 -27.796038427193476 -27.498399336938405 -27.231193917353707 -26.990111445803489 -26.771595734535044 -26.572691845603156 -26.390927496826251 -26.224220678789479 -26.070807180971144 -25.929183332998868 -25.798060450177196 -25.676328343453708 -25.563025897090068 -25.457317194186373
-68.766203907997280 -68.191929977691927 -67.535736566357372 -66.781535735365338 -65.909871903206465 -64.897643356758948 -63.718363351380454 -62.343606582957527 -60.746662731064646 -58.909601260660892 -56.834180454282176 -54.554203701910986 -52.142293301592673 -49.702156978517351 -47.344797751774955 -45.160473951410950 -43.202280296310221 -41.486583221008274 -40.003735642462402 -38.730283235324421 -37.638014827627337 -36.699183881828830 -35.888908881398919 -35.185923319928769 -34.572507704575074 -34.034085934097327 -33.558731327963429 -33.136692661542178 -32.759981421061944 -32.422029038337982 -32.117409219758287 -31.841615865363693 -31.590886481070310 -31.362061989529806 -31.152475321333426 -30.959862637827918 -30.782292321483855 -30.618107926747445 -30.465882126572271 -30.324379349286019 -30.192525311921251 -30.069382051054006
-71.868433941969045 -71.253651980401230 -70.558339495143741 -69.768814842155948 -68.869326809060937 -67.842295971285580 -66.669134318411693 -65.332044771070699 -63.817265430743319 -62.120028418316238 -60.250748224263731 -58.240504017955438 -56.142413735231337 -54.025830285572845 -51.963778846553993 -50.018712282946552 -48.232959601139250 -46.626749029445406 -45.202108565286373 -43.949051286457717 -42.851285999793312 -41.890315469379907 -41.047903067843734 -40.307325119336646 -39.653858957182685 -39.074846118009980 -38.559547712187126 -38.098916904300211 -37.685354391219136 -37.312478283413377 -36.974920988932595 -36.668156092253319 -36.388353713919322 -36.132261026919956 -35.897104147691223 -35.680507789502784 -35.480429487915970 -35.295105695529784 -35.123007510311695 -34.962804213964070 -34.813333144951727 -34.673574717645764
-75.039218324638085 -74.395566370984682 -73.674801808368258 -72.865737251216927 -71.956129693204474 -70.933170446120471 -69.784454603023136 -68.499629915726331 -67.072866566783347 -65.506056564450603 -63.812171664450958 -62.017572896869950 -60.161694503573941 -58.293056857848512 -56.462183559816118 -54.713781208284445 -53.081006506754264 -51.583364679151941 -50.227897923941370 -49.012206811993664 -47.927839490573518 -46.963161656833108 -46.105407467975873 -45.341964484422675 -44.661078834979641 -44.052174187521373 -43.505937266473673 -43.014274960483675 -42.570209152287944 -42.167748112303940 -41.801755749209875 -41.467829383632996 -41.162190588194036 -40.881590287055914 -40.623227596032962 -40.384681105199952 -40.163851037486857 -39.958910713219069 -39.768265872839841 -39.590520581813593 -39.424448622862101 -39.268969451600881
-78.276958632460975 -77.614381746638671 -76.879380001038982 -76.063095233745230 -75.156332494255309 -74.150119765372096 -73.036614780796668 -71.810432738056790 -70.470387530345022 -69.021466357417211 -67.476598815154972 -65.857532403030163 -64.194091737520282 -62.521483810826496 -60.876080535054896 -59.290850087150815 -57.791793098309746 -56.396224907261690 -55.112920433443875 -53.943532588876309 -52.884536736349261 -51.929125834195887 -51.068754246629659 -50.294249008025311 -49.596531592917145 -48.967039488270117 -48.397938604855348 -47.882200925926455 -47.413601485994072 -46.986671121087014 -46.596628150011988 -46.239302944961238 -45.911063320037613 -45.608744880781131 -45.329588191835491 -45.071183296613690 -44.831421398375753 -44.608453149618732 -44.400652846220645 -44.206587791727358 -44.024992129473951 -43.854744502762784
-81.578776004665130 -80.905510176397669 -80.165178116476795 -79.350958633969270 -78.456161517197842 -77.474758580593146 -76.402143951619280 -75.236131872905787 -73.978132594895811 -72.634338968843920 -71.216629552187655 -69.742809812599788 -68.235861230360214 -66.722107891570545 -65.228587456089599 -63.780243002529751 -62.397631495242692 -61.095620910887860 -59.883166260280511 -58.763930190070255 -57.737371870864550 -56.799957155633351 -55.946258739058557 -55.169837424684943 -54.463884081876301 -53.821650065337664 -53.236711743821331 -52.703115159850583 -52.215439493643814 -51.768808704137200 -51.358872209792018 -50.981768695777113 -50.634082151796854 -50.312795770065783 -50.015247002994577 -49.739085568458201 -49.482235240255228 -49.242859684824630 -49.019332271368285 -48.810209602491561 -48.614208427629194 -48.430185573787504
-84.940977911796921 -84.263665833398164 -83.524880191720825 -82.719503496120211 -81.842826485768484 -80.891006941812307 -79.861668922208210 -78.754622668368697 -77.572638175829951 -76.322143980439478 -75.013665419706967 -73.661797131456098 -72.284559838345459 -70.902134345143509 -69.535157780944985 -68.202923102928693 -66.921859337263129 -65.704566153553216 -64.559490213384152 -63.491154852292453 -62.500754396306355 -61.586910404564975 -60.746430425335248 -59.974972551394636 -59.267574701644946 -58.619045433326711 -58.024233398119307 -57.478200098896579 -56.976320645492336 -56.514333735414411 -56.088357554858121 -55.694883970837097 -55.330759778255270 -54.993160981050686 -54.679564043634585 -54.387716604863868 -54.115609156088695 -53.861448522874916 -53.623633559299101 -53.400733191820535 -53.191466784706947 -52.994686704498228
-88.359429803500518 -87.683305493709767 -86.951237645705532 -86.159489141291004 -85.304874778246813 -84.385136330628100 -83.399397179028227 -82.348668559008104 -81.236349453552052 -80.068629421835439 -78.854680371861605 -77.606526494594647 -76.338525591853085 -75.066479462720721 -73.806492475673039 -72.573775298920339 -71.381608555903753 -70.240630100639422 -69.158514508701089 -68.140016081331765 -67.187281023852250 -66.300312009096785 -65.477480585864669 -64.716012830183189 -64.012406104938691 -63.362761023986579 -62.763029971106548 -62.209192714862056 -61.697373087203147 -61.223910663175062 -60.785399641545659 -60.378704799766254 -60.000962096214828 -59.649569498015545 -59.322172008873132 -59.016643644215307 -58.731068195061141 -58.463719971750763 -58.213045262789187 -57.977644931416954 -57.756258362932826 -57.547748838919347
