validation/pond_uf/modaem_psi.grd
DSAA
    50    50
  -100.00       100.00    
  -100.00       100.00    
  -132.38       132.38    
[rows 0 to 18 of 50, columns 0 to 41 of 50]
132.37898901576293 131.85087090503865 131.30615952468582 130.74539566556135 130.16931142920532 129.57883950083576 128.97511754302644 128.35948669504481 127.73348337192039 127.09882388180688 126.45738180643239 125.81115858555793 125.16224826402878 124.51279784001076 123.86496503442768 123.22087553263366 122.58258179728662 121.95202540934014 121.33100458236066 120.72114805735788 120.12389607872606 119.54048863809983 118.97196070664977 118.41914379814443 117.88267293770312 117.36299795963710 116.86039801270523 116.37499819332771 115.90678733292739 115.45563611032728 115.02131482244340 114.60351030921321 114.20184167962751 113.81587461743455 113.44513415405166 113.08911588191569 112.74729564539689 112.41913779113889 112.10410208844192 111.80164944632168 111.51124656017561 111.23236962021710
128.56594520770440 128.02415744849037 127.46412371501417 126.88636254042869 126.29161216334214 125.68084401774993 125.05527051356677 124.41634568774387 123.76575754143734 123.10541128245232 122.43740325150115 121.76398598474097 121.08752558556864 120.41045325850536 119.73521340478202 119.06421101287064 118.39976114664475 117.74404312827963 117.09906156425362 116.46661573829061 115.84827818328286 115.24538253704496 114.65902016321549 114.09004453377936 113.53908205011885 113.00654782518848 112.49266493993196 111.99748578974983 111.52091431468736 111.06272812493323 110.62259976195891 110.20011655357443 109.79479871443543 109.40611550491710 109.03349938876326 108.67635822508760 108.33408559685081 108.00606942057637 107.69169900571634 107.39037074135170 107.10149258683522 106.82448753489271
124.77149419874354 124.21572370964047 123.63985208071156 123.04435764265074 122.42997102783318 121.79769439738462 121.14881405522515 120.48490446422574 119.80782192899015 119.11968670473209 118.42285302520688 117.71986746373672 117.01341705439103 116.30626957554838 115.60120919318993 114.90097115053541 114.20817929282428 113.52528991386515 112.85454475524878 112.19793508651600 111.55717778285597 110.93370333537999 110.32865489246348 109.74289681293925 109.17703084132813 108.63141788003641 108.10620339358790 107.60134468118005 107.11663853970903 106.65174816002198 106.20622841592379 105.77954899236803 105.37111504177764 104.98028525023481 104.60638733949415 104.24873113152185 103.90661936661830 103.57935650171879 103.26625572935306 102.96664445622903 102.67986846862378 102.40529499372936
120.99742786713091 120.42742926446829 119.83524543277144 119.22129036022372 118.58626750512627 117.93119680472013 117.25743414452872 116.56668051695436 115.86097833122048 115.14269292828962 114.41447831276123 113.67922737939605 112.94000835099186 112.19999056201073 111.46236389660174 110.73025691916556 110.00665888859062 109.29435039552214 108.59584638828845 107.91335402948108 107.24874636974613 106.60355145187773 105.97895533414744 105.37581674399638 104.79469066547196 104.23585808993370 103.69935934571437 103.18502878008060 102.69252901133648 102.22138343099783 101.77100606658271 101.34072828552617 100.92982211737058 100.53752019402225 100.16303246334822 99.805559930406986 99.464305735040199 99.138483895742496 98.827326047569954 98.530086484410631 98.246045789457213 97.974513306772849
117.24574036344808 116.66136305097629 116.05245840351803 115.41934381585224 114.76266810661673 114.08344904948339 113.38310251979986 112.66345939462209 111.92676649928603 111.17566856973909 110.41316944146610 109.64257242205409 108.86740187022251 108.09131009474022 107.31797544992692 106.55099861198468 105.79380425374046 105.04955464738053 104.32108025329053 103.61083038154213 102.92084489229936 102.25274596464678 101.60774745416109 100.98667840041908 100.39001684083178 99.817930152612789 99.270318548533282 98.746858952789140 98.247047156443259 97.770236804403709 97.315674338937598 96.882529489619884 96.469921250307934 96.076939528753101 95.702662810074003 95.346172260455404 95.006562730452060 94.682951114173136 94.374482494354538 94.080334463769958 93.799719967713685 93.531888965273680
113.51864930190979 112.91987240222463 112.29393668171281 111.64102011706917 110.96167874712390 110.25689838020413 109.52813734883050 108.77735494675989 108.00702014025080 107.22009585469013 106.41999572001750 105.61051257239011 104.79572100576578 103.97985939694216 103.16719952357217 102.36191360970325 101.56794899662385 100.78891956766036 100.02802078924388 99.287972244252671 98.570988404369515 97.878775638417380 97.212551437873941 96.573080701480876 95.960723610284148 95.375489967470202 94.817095645042116 94.285017749702192 93.778546115577313 93.296829632347070 92.838916660149238 92.403789347154387 91.990392060747368 91.597654393547103 91.224509341775899 90.869907306114612 90.532826560669974 90.212280795328383 89.907324276577413 89.617055103156630 89.340616963169509 89.077199733178475
109.81861711450398 109.20559427421944 108.56245892566304 107.88919309739558 107.18620753592542 106.45441242024718 105.69527918031480 104.91088600709989 104.10393917753927 103.27776292670927 102.43625255525556 101.58378879238006 100.72511582365767 99.865190154070262 99.009011680151531 98.161451058913400 97.327088039534132 96.510073725070711 95.714026167668351 94.941964095307696 94.196278887725327 93.478740994627827 92.790534328932296 92.132310907494983 91.504257983448539 90.906170774283225 90.337525249528568 89.797546961704612 89.285273340197918 88.799608078652653 88.339367176706133 87.903316849977443 87.490203935246953 87.098779641548134 86.727817583924661 86.376127029993015 86.042562226123039 85.726028576564204 85.425486343566277 85.139952431298070 84.868500718133603 84.610261314229419
106.14837130168294 105.52148781458703 104.86118316806400 104.16716929068380 103.43963987109098 102.67936638592715 101.88778650941458 101.06707475487597 100.22018391236092 99.350846057957483 98.463524189892752 97.563310113086729 96.655770680218382 95.746751862247066 94.842156816185081 93.947718515508058 93.068788452469619 92.210160155630973 91.375940532971370 90.569474810094420 89.793323738241298 89.049286131751501 88.338456366745604 87.661305282956846 87.017773550899037 86.407368348156297 85.829256487459446 85.282349453124155 84.765377817069961 84.276954077550641 83.815624073458508 83.379907828259604 82.968331055688751 82.579448703988220 82.211861905725698 81.864229598455978 81.535275933002424 81.223794421446286 80.928649615003863 80.648776953469977 80.383181297778748 80.130934546860161
102.51092159122425 101.87086669225002 101.19369691099379 100.47875752475585 99.725927791273136 98.935750361155911 98.109556563390470 97.249573866087516 96.358999005706366 95.442019476591597 94.503768414146549 93.550204054853140 92.587914608871017 91.623860973675534 90.665080629629671 89.718383374456963 88.790071137188079 87.885709484492722 87.009968976600774 86.166542907779643 85.358137070664938 84.586519167866570 83.852611281766201 83.156608168195305 82.498106096444758 81.876230328064764 81.289753074000700 80.737197188056570 80.216923582923599 79.727202298488521 79.266268380740570 78.832364388963228 78.423771599915369 78.038831963331319 77.675962695163122 77.333665153185734 77.010529375983609 76.705235412011163 76.416552336707781 76.143335659262732 75.884523657472556 75.639133046923675
98.909571000337195 98.257428507072632 97.564069073131662 96.828346767148417 96.049695334558663 95.228301009078578 94.365278506952151 93.462832147595549 92.524378519091869 91.554604077384695 90.559432714581163 89.545886314614791 88.521835725595480 87.495658153600772 86.475835223905662 85.470538487618569 84.487251891643666 83.532472749623636 82.611516720102713 81.728433227165226 80.886020825629032 80.085920690956414 79.328761733559290 78.614331792092472 77.941753906666762 77.309652695842630 76.716301762286619 76.159747921752370 75.637911568308695 75.148664718751391 74.689889470965880 74.259520062360181 73.855571693535495 73.476158997081484 73.119506626569134 72.783954008031444 72.467955887490987 72.170079948655115 71.889002473295193 71.623502772086695 71.372456920068501 71.134831180776402
95.347916405006998 94.685276972617970 93.976900272508772 93.220990430929604 92.416360901725483 91.562662485150682 90.660628166317395 89.712311883089484 88.721288131225194 87.692771738514381 86.633616241579674 85.552158870932075 84.457901591788669 83.361047943087584 82.271946758817606 81.200516032673207 80.155725094398747 79.145199029916398 78.174981256615467 77.249458131422614 76.371422903112617 75.542240748434281 74.762072674657318 74.030120841085292 73.344867200789196 72.704287662217283 72.106032912912099 71.547573651518320 71.026312185243867 70.539664593246613 70.085118501421221 69.660271484664534 69.262854611719121 68.890744948620508 68.541970105888709 68.214707240989199 67.907278350172007 67.618143211886149 67.345890971212384 67.089231067874010 66.846983994173215 66.618072209151549
91.829832384483183 91.158930236779042 90.437365298501589 89.662492822705815 88.832275835559159 87.945581068509995 87.002515425483892 86.004775893767075 84.955967872287999 83.861830498236245 82.730299936322780 81.571350969785314 80.396588621271221 79.218611765410344 78.050226180138623 76.903625187496488 75.789665173921918 74.717336894114155 73.693482802658551 72.722755519506592 71.807770666990891 70.949387155791129 70.147048066374595 69.399128314804244 68.703253198788460 68.056568786029274 67.455957998355032 66.898204558427707 66.380111387747249 65.898581701492262 65.450671008783843 65.033617313672806 64.644855561953236 64.282021105023148 63.942945810571757 63.625649499905634 63.328328638602216 63.049343630554468 62.787205635649435 62.540563517907714 62.308191306786831 62.088976397057564
88.359429803500518 87.683305493709767 86.951237645705532 86.159489141291004 85.304874778246813 84.385136330628100 83.399397179028227 82.348668559008104 81.236349453552052 80.068629421835439 78.854680371861605 77.606526494594647 76.338525591853085 75.066479462720721 73.806492475673039 72.573775298920339 71.381608555903753 70.240630100639422 69.158514508701089 68.140016081331765 67.187281023852250 66.300312009096785 65.477480585864669 64.716012830183189 64.012406104938691 63.362761023986579 62.763029971106548 62.209192714862056 61.697373087203147 61.223910663175062 60.785399641545659 60.378704799766254 60.000962096214828 59.649569498015545 59.322172008873132 59.016643644215307 58.731068195061141 58.463719971750763 58.213045262789187 57.977644931416954 57.756258362932826 57.547748838919347
84.940977911796921 84.263665833398150 83.524880191720797 82.719503496120211 81.842826485768455 80.891006941812293 79.861668922208196 78.754622668368683 77.572638175829937 76.322143980439449 75.013665419706953 73.661797131456069 72.284559838345444 70.902134345143494 69.535157780944971 68.202923102928679 66.921859337263115 65.704566153553202 64.559490213384152 63.491154852292439 62.500754396306341 61.586910404564961 60.746430425335227 59.974972551394622 59.267574701644932 58.619045433326690 58.024233398119293 57.478200098896565 56.976320645492315 56.514333735414397 56.088357554858106 55.694883970837083 55.330759778255256 54.993160981050671 54.679564043634564 54.387716604863854 54.115609156088674 53.861448522874902 53.623633559299087 53.400733191820521 53.191466784706932 52.994686704498214
81.578776004665130 80.905510176397655 80.165178116476781 79.350958633969270 78.456161517197842 77.474758580593146 76.402143951619280 75.236131872905787 73.978132594895811 72.634338968843906 71.216629552187655 69.742809812599774 68.235861230360214 66.722107891570545 65.228587456089599 63.780243002529744 62.397631495242692 61.095620910887845 59.883166260280504 58.763930190070241 57.737371870864536 56.799957155633336 55.946258739058550 55.169837424684935 54.463884081876301 53.821650065337657 53.236711743821324 52.703115159850576 52.215439493643814 51.768808704137186 51.358872209792011 50.981768695777106 50.634082151796846 50.312795770065776 50.015247002994570 49.739085568458194 49.482235240255221 49.242859684824623 49.019332271368278 48.810209602491554 48.614208427629180 48.430185573787497
78.276958632460975 77.614381746638685 76.879380001038967 76.063095233745230 75.156332494255309 74.150119765372111 73.036614780796668 71.810432738056790 70.470387530345036 69.021466357417211 67.476598815154972 65.857532403030177 64.194091737520282 62.521483810826510 60.876080535054911 59.290850087150829 57.791793098309753 56.396224907261704 55.112920433443875 53.943532588876309 52.884536736349268 51.929125834195894 51.068754246629666 50.294249008025318 49.596531592917152 48.967039488270125 48.397938604855355 47.882200925926462 47.413601485994079 46.986671121087028 46.596628150011995 46.239302944961246 45.911063320037620 45.608744880781138 45.329588191835498 45.071183296613697 44.831421398375767 44.608453149618740 44.400652846220652 44.206587791727372 44.024992129473965 43.854744502762792
75.039218324638057 74.395566370984668 73.674801808368244 72.865737251216927 71.956129693204446 70.933170446120442 69.784454603023136 68.499629915726331 67.072866566783333 65.506056564450589 63.812171664450943 62.017572896869936 60.161694503573926 58.293056857848498 56.462183559816104 54.713781208284431 53.081006506754250 51.583364679151927 50.227897923941349 49.012206811993650 47.927839490573504 46.963161656833094 46.105407467975859 45.341964484422661 44.661078834979627 44.052174187521359 43.505937266473659 43.014274960483661 42.570209152287930 42.167748112303926 41.801755749209853 41.467829383632974 41.162190588194022 40.881590287055893 40.623227596032947 40.384681105199931 40.163851037486843 39.958910713219048 39.768265872839827 39.590520581813578 39.424448622862087 39.268969451600860
71.868433941969045 71.253651980401230 70.558339495143741 69.768814842155948 68.869326809060937 67.842295971285580 66.669134318411693 65.332044771070699 63.817265430743319 62.120028418316238 60.250748224263731 58.240504017955438 56.142413735231337 54.025830285572845 51.963778846553993 50.018712282946552 48.232959601139250 46.626749029445406 45.202108565286373 43.949051286457717 42.851285999793312 41.890315469379907 41.047903067843734 40.307325119336646 39.653858957182685 39.074846118009980 38.559547712187126 38.098916904300211 37.685354391219136 37.312478283413377 36.974920988932595 36.668156092253319 36.388353713919322 36.132261026919956 35.897104147691223 35.680507789502784 35.480429487915970 35.295105695529784 35.123007510311695 34.962804213964070 34.813333144951727 34.673574717645764
68.766203907997266 68.191929977691927 67.535736566357372 66.781535735365324 65.909871903206437 64.897643356758934 63.718363351380439 62.343606582957520 60.746662731064632 58.909601260660878 56.834180454282162 54.554203701910978 52.142293301592659 49.702156978517337 47.344797751774941 45.160473951410935 43.202280296310200 41.486583221008253 40.003735642462388 38.730283235324400 37.638014827627323 36.699183881828816 35.888908881398905 35.185923319928747 34.572507704575052 34.034085934097313 33.558731327963415 33.136692661542156 32.759981421061923 32.422029038337968 32.117409219758265 31.841615865363678 31.590886481070292 31.362061989529792 31.152475321333412 30.959862637827900 30.782292321483837 30.618107926747427 30.465882126572257 30.324379349286005 30.192525311921234 30.069382051053989
