validation/pond_uf/modaem_qy.grd
DSAA
    50    50
  -100.00       100.00    
  -100.00       100.00    
 -0.73081      0.73081    
[rows 18 to 35 of 50, columns 0 to 39 of 50]
-0.13179213259668504 -0.15013861236579040 -0.17205107848960544 -0.19830043618581902 -0.22975886232294618 -0.26731996835860239 -0.31170206917755572 -0.36304779946284688 -0.42023253056994808 -0.47991052307692317 -0.53569932892998684 -0.57849413980028541 -0.59900205612998536 -0.59200641167883228 -0.55934398896551729 -0.50881354077791729 -0.45008256603773583 -0.39105534426229510 -0.33653476514522812 -0.28862946049822064 -0.24772412461820401 -0.21332161599158331 -0.18458097041420113 -0.16060371960396039 -0.14056304748700169 -0.12374867012511438 -0.10957157308835447 -9.7552175126292981E-002 -8.7303421313240009E-002 -7.8513919070667945E-002 -7.0933075389190123E-002 -6.4358735438819217E-002 -5.8627207170738743E-002 -5.3605339325842681E-002 -4.9184280412371134E-002 -4.5274577648766322E-002 -4.1802328832079148E-002 -3.8706155578887083E-002 -3.5934815418697377E-002 -3.3445310680412357E-002
-0.11893796325823222 -0.13676206616181744 -0.15849238983833722 -0.18517864220183486 -0.21814114685314684 -0.25897058415094326 -0.30941030117222723 -0.37095786378378370 -0.44390171280724433 -0.52547630015313940 -0.60732039646017699 -0.67413757170923383 -0.70749695670103108 -0.69601627586206893 -0.64378240900562855 -0.56716698181818181 -0.48397182510578274 -0.40607813491124262 -0.33873250148075018 -0.28288213025556463 -0.23746437647058821 -0.20078175775307189 -0.17114016159600995 -0.14707930732961849 -0.12741775863349417 -0.11122723630470012 -9.7787410658307206E-002 -8.6541241866330387E-002 -7.7057270154951688E-002 -6.8999803740197041E-002 -6.2106067692307691E-002 -5.6168935013913880E-002 -5.1023944089219321E-002 -4.6539539400515369E-002 -4.2609713647088036E-002 -3.9148433998859089E-002 -3.6085395309706579E-002 -3.3362763636363632E-002 -3.0932662399711524E-002 -2.8755218637392093E-002
-0.10302666275229358 -0.11951794636015323 -0.14002376857855364 -0.16582850324867102 -0.19868907006369421 -0.24098511244635182 -0.29583525395152793 -0.36699039999999994 -0.45798965089722654 -0.56946786206896549 -0.69320408888888874 -0.73080918367346936 -0.73080918367346936 -0.73080918367346936 -0.73080918367346936 -0.63089360898876401 -0.51138006557377036 -0.40985059270072999 -0.32912972567409132 -0.26661695726495721 -0.21848066614785994 -0.18124445190445443 -0.15216675121951218 -0.12919818499769903 -0.11083602684563754 -9.5982104615384603E-002 -8.3830294416243664E-002 -7.3783878055190558E-002 -6.5396612159329112E-002 -5.8331114897153535E-002 -5.2329479217148200E-002 -4.7192411497730700E-002 -4.2764304036557496E-002 -3.8922453348121430E-002 -3.5569194982896242E-002 -3.2626107611853569E-002 -3.0029699005241196E-002 -2.7728163555555560E-002 -2.5678922162261038E-002 -2.3846738809139550E-002
-8.4081358490565972E-002 -9.8315753264295286E-002 -0.11633419712306871 -0.13952670159744404 -0.16992940700389098 -0.21056826229508177 -0.26596746406820942 -0.34279323076923057 -0.45022533608247400 -0.56840714285714244 -0.56840714285714244 -0.56840714285714244 -0.56840714285714244 -0.56840714285714244 -0.56840714285714244 -0.56840714285714244 -0.51866814251781468 -0.39202744703770204 -0.30118522482758597 -0.23606409513513502 -0.18872885738980111 -0.15366593103448264 -0.12717489108910882 -0.10677715794621022 -9.0793882744282656E-002 -7.8069105470146533E-002 -6.7792389941012068E-002 -5.9385174870818576E-002 -5.2427199999999952E-002 -4.6608172465314811E-002 -4.1695491311819724E-002 -3.7512332588902221E-002 -3.3922524157216069E-002 -3.0819941848976684E-002 -2.8120964327108804E-002 -2.5759028901734086E-002 -2.3680651556230323E-002 -2.1842481544463329E-002 -2.0209096529384529E-002 -1.8751334306569327E-002
-6.2363422630947588E-002 -7.3398079999999963E-002 -8.7574912970241406E-002 -0.10617489448604489 -0.13117823380992422 -0.16575018065887342 -0.21513230344827586 -0.28830114602587786 -0.40095352185089944 -0.40600510204081613 -0.40600510204081613 -0.40600510204081613 -0.40600510204081613 -0.40600510204081613 -0.40600510204081613 -0.40600510204081613 -0.40600510204081613 -0.33833171366594356 -0.24796648648648631 -0.18814344993968626 -0.14700369462770962 -0.11771390188679234 -9.6218951264651381E-002 -8.0026126218573593E-002 -6.7549120831528753E-002 -5.7745620140688604E-002 -4.9910694399999969E-002 -4.3555129851996631E-002 -3.8331511427869239E-002 -3.3987997385051191E-002 -3.0338634506905264E-002 -2.7243828820960679E-002 -2.4597211796246635E-002 -2.2316628988410345E-002 -2.0337843265093226E-002 -1.8610060851926971E-002 -1.7092703561643822E-002 -1.5753047166952829E-002 -1.4564471005696137E-002 -1.3505145034202087E-002
-3.8400718916700861E-002 -4.5406381368267829E-002 -5.4503524752475260E-002 -6.6606798576512458E-002 -8.3184490666666652E-002 -0.10670758494868866 -0.14157723449319218 -0.19618983647798741 -0.24360306122448980 -0.24360306122448980 -0.24360306122448980 -0.24360306122448980 -0.24360306122448980 -0.24360306122448980 -0.24360306122448980 -0.24360306122448980 -0.24360306122448980 -0.23572431234256933 -0.16563283539822998 -0.12233013333333331 -9.3864144433299906E-002 -7.4212967486122092E-002 -6.0104400770712899E-002 -4.9645916180371362E-002 -4.1684878396436510E-002 -3.5488263936291231E-002 -3.0572542306435802E-002 -2.6608630082456643E-002 -2.3366429962546811E-002 -2.0681226961325967E-002 -1.8432647626551113E-002 -1.6531099099099094E-002 -1.4908802294089534E-002 -1.3513725920577613E-002 -1.2305398027613414E-002 -1.1251960081760250E-002 -1.0328060037523450E-002 -9.5133223543763350E-003 -8.7912214185063408E-003 -8.1482413582934250E-003
-1.2970554677754619E-002 -1.5374166584524323E-002 -1.8512868842729891E-002 -2.2719726147122987E-002 -2.8539967063128866E-002 -3.6916194082840047E-002 -4.9593297297297077E-002 -7.0099289887640123E-002 -8.1201020408162891E-002 -8.1201020408162891E-002 -8.1201020408162891E-002 -8.1201020408162891E-002 -8.1201020408162891E-002 -8.1201020408162891E-002 -8.1201020408162891E-002 -8.1201020408162891E-002 -8.1201020408162891E-002 -8.1201020408162891E-002 -5.8525673545965932E-002 -4.2556867667121218E-002 -3.2325579274611251E-002 -2.5381760781122739E-002 -2.0455202622950724E-002 -1.6834422018348547E-002 -1.4095880704925368E-002 -1.1974734740882863E-002 -1.0298509078903879E-002 -8.9509853658536181E-003 -7.8515439214698838E-003 -6.9428408635655147E-003 -6.1831881070366426E-003 -5.5416919523893857E-003 -4.9950654923938921E-003 -4.5254873059625486E-003 -4.1191316519212815E-003 -3.7651398913699282E-003 -3.4548880274670340E-003 -3.1814568077511329E-003 -2.9392428154150431E-003 -2.7236692569632278E-003
1.2970554677754709E-002 1.5374166584524430E-002 1.8512868842730019E-002 2.2719726147123143E-002 2.8539967063129067E-002 3.6916194082840310E-002 4.9593297297297417E-002 7.0099289887640595E-002 8.1201020408163460E-002 8.1201020408163460E-002 8.1201020408163460E-002 8.1201020408163460E-002 8.1201020408163460E-002 8.1201020408163460E-002 8.1201020408163460E-002 8.1201020408163460E-002 8.1201020408163460E-002 8.1201020408163460E-002 5.8525673545966328E-002 4.2556867667121509E-002 3.2325579274611480E-002 2.5381760781122909E-002 2.0455202622950867E-002 1.6834422018348665E-002 1.4095880704925470E-002 1.1974734740882944E-002 1.0298509078903952E-002 8.9509853658536805E-003 7.8515439214699393E-003 6.9428408635655633E-003 6.1831881070366860E-003 5.5416919523894230E-003 4.9950654923939268E-003 4.5254873059625807E-003 4.1191316519213102E-003 3.7651398913699547E-003 3.4548880274670583E-003 3.1814568077511555E-003 2.9392428154150635E-003 2.7236692569632473E-003
3.8400718916700861E-002 4.5406381368267829E-002 5.4503524752475260E-002 6.6606798576512458E-002 8.3184490666666652E-002 0.10670758494868866 0.14157723449319218 0.19618983647798741 0.24360306122448980 0.24360306122448980 0.24360306122448980 0.24360306122448980 0.24360306122448980 0.24360306122448980 0.24360306122448980 0.24360306122448980 0.24360306122448980 0.23572431234256933 0.16563283539822998 0.12233013333333331 9.3864144433299906E-002 7.4212967486122092E-002 6.0104400770712899E-002 4.9645916180371362E-002 4.1684878396436510E-002 3.5488263936291231E-002 3.0572542306435802E-002 2.6608630082456643E-002 2.3366429962546811E-002 2.0681226961325967E-002 1.8432647626551113E-002 1.6531099099099094E-002 1.4908802294089534E-002 1.3513725920577613E-002 1.2305398027613414E-002 1.1251960081760250E-002 1.0328060037523450E-002 9.5133223543763350E-003 8.7912214185063408E-003 8.1482413582934250E-003
6.2363422630947588E-002 7.3398079999999963E-002 8.7574912970241406E-002 0.10617489448604489 0.13117823380992422 0.16575018065887342 0.21513230344827586 0.28830114602587786 0.40095352185089944 0.40600510204081613 0.40600510204081613 0.40600510204081613 0.40600510204081613 0.40600510204081613 0.40600510204081613 0.40600510204081613 0.40600510204081613 0.33833171366594356 0.24796648648648631 0.18814344993968626 0.14700369462770962 0.11771390188679234 9.6218951264651381E-002 8.0026126218573593E-002 6.7549120831528753E-002 5.7745620140688604E-002 4.9910694399999969E-002 4.3555129851996631E-002 3.8331511427869239E-002 3.3987997385051191E-002 3.0338634506905264E-002 2.7243828820960679E-002 2.4597211796246635E-002 2.2316628988410345E-002 2.0337843265093226E-002 1.8610060851926971E-002 1.7092703561643822E-002 1.5753047166952829E-002 1.4564471005696137E-002 1.3505145034202087E-002
8.4081358490566055E-002 9.8315753264295383E-002 0.11633419712306878 0.13952670159744415 0.16992940700389106 0.21056826229508191 0.26596746406820959 0.34279323076923074 0.45022533608247400 0.56840714285714311 0.56840714285714311 0.56840714285714311 0.56840714285714311 0.56840714285714311 0.56840714285714311 0.56840714285714311 0.51866814251781468 0.39202744703770209 0.30118522482758614 0.23606409513513515 0.18872885738980127 0.15366593103448273 0.12717489108910893 0.10677715794621032 9.0793882744282739E-002 7.8069105470146602E-002 6.7792389941012124E-002 5.9385174870818624E-002 5.2427200000000007E-002 4.6608172465314852E-002 4.1695491311819759E-002 3.7512332588902249E-002 3.3922524157216104E-002 3.0819941848976712E-002 2.8120964327108835E-002 2.5759028901734107E-002 2.3680651556230347E-002 2.1842481544463353E-002 2.0209096529384549E-002 1.8751334306569344E-002
0.10302666275229358 0.11951794636015323 0.14002376857855364 0.16582850324867102 0.19868907006369421 0.24098511244635182 0.29583525395152793 0.36699039999999994 0.45798965089722654 0.56946786206896549 0.69320408888888874 0.73080918367346936 0.73080918367346936 0.73080918367346936 0.73080918367346936 0.63089360898876401 0.51138006557377036 0.40985059270072999 0.32912972567409132 0.26661695726495721 0.21848066614785994 0.18124445190445443 0.15216675121951218 0.12919818499769903 0.11083602684563754 9.5982104615384603E-002 8.3830294416243664E-002 7.3783878055190558E-002 6.5396612159329112E-002 5.8331114897153535E-002 5.2329479217148200E-002 4.7192411497730700E-002 4.2764304036557496E-002 3.8922453348121430E-002 3.5569194982896242E-002 3.2626107611853569E-002 3.0029699005241196E-002 2.7728163555555560E-002 2.5678922162261038E-002 2.3846738809139550E-002
0.11893796325823222 0.13676206616181744 0.15849238983833722 0.18517864220183486 0.21814114685314684 0.25897058415094326 0.30941030117222723 0.37095786378378370 0.44390171280724433 0.52547630015313940 0.60732039646017699 0.67413757170923383 0.70749695670103108 0.69601627586206893 0.64378240900562855 0.56716698181818181 0.48397182510578274 0.40607813491124262 0.33873250148075018 0.28288213025556463 0.23746437647058821 0.20078175775307189 0.17114016159600995 0.14707930732961849 0.12741775863349417 0.11122723630470012 9.7787410658307206E-002 8.6541241866330387E-002 7.7057270154951688E-002 6.8999803740197041E-002 6.2106067692307691E-002 5.6168935013913880E-002 5.1023944089219321E-002 4.6539539400515369E-002 4.2609713647088036E-002 3.9148433998859089E-002 3.6085395309706579E-002 3.3362763636363632E-002 3.0932662399711524E-002 2.8755218637392093E-002
0.13179213259668510 0.15013861236579043 0.17205107848960549 0.19830043618581911 0.22975886232294618 0.26731996835860244 0.31170206917755572 0.36304779946284682 0.42023253056994803 0.47991052307692295 0.53569932892998662 0.57849413980028519 0.59900205612998503 0.59200641167883195 0.55934398896551707 0.50881354077791707 0.45008256603773578 0.39105534426229505 0.33653476514522812 0.28862946049822064 0.24772412461820409 0.21332161599158334 0.18458097041420116 0.16060371960396042 0.14056304748700171 0.12374867012511444 0.10957157308835448 9.7552175126293023E-002 8.7303421313240051E-002 7.8513919070667973E-002 7.0933075389190151E-002 6.4358735438819231E-002 5.8627207170738778E-002 5.3605339325842695E-002 4.9184280412371141E-002 4.5274577648766329E-002 4.1802328832079162E-002 3.8706155578887097E-002 3.5934815418697391E-002 3.3445310680412364E-002
0.14174879127537107 0.15997017435897432 0.18129126695079428 0.20621981489643015 0.23525025641025638 0.26876091901206195 0.30682803934426228 0.34892823266219236 0.39353470142977282 0.43771072029934510 0.47697529051987758 0.50585163243243236 0.51932603773584907 0.51475551155115506 0.49305875658587978 0.45828869735553374 0.41592245333333328 0.37106483743061064 0.32744069979006291 0.28723926335174949 0.25143082213863516 0.22019423999999993 0.19327251548946714 0.17021198981447799 0.15050265680283045 0.13365117395029991 0.11921344203821656 0.10680501255421136 9.6100382008625987E-002 8.6827381703470027E-002 7.8759932671267477E-002 7.1710767816091939E-002 6.5524822853942025E-002 6.0073534471690837E-002 5.5250060219624524E-002 5.0965337109247354E-002 4.7144862468513848E-002 4.3726077936641440E-002 4.0656248153618908E-002 3.7890740950684253E-002
0.14908662580826540 0.16670893681232313 0.18692320338385618 0.21002024871287128 0.23621431091314024 0.26554888733099641 0.29775470409882088 0.33206081903569185 0.36699039999999988 0.40022726641509426 0.42869937590945817 0.44902720406435209 0.45834151080380275 0.45519410128755350 0.44008392365145210 0.41527104776820656 0.38399792034757407 0.34957226631509553 0.31471877032640938 0.28132685835543764 0.25049651771374587 0.22272201931961355 0.19809530369816958 0.17647292113144761 0.15759320297176815 0.14115015384615384 0.12683595503468070 0.11436297778736255 0.10347339082926831 9.3941741009743132E-002 8.5573846700016151E-002 7.8203971095708605E-002 7.1691378667027184E-002 6.5916858669981357E-002 6.0779498911174810E-002 5.6193825156299677E-002 5.2087332089185735E-002 4.8398387149767290E-002 4.5074469018274547E-002 4.2070696390321301E-002
0.15414551261378412 0.17085312654943788 0.18966063871999997 0.21069658585140422 0.23398716778523485 0.25938271159737414 0.28646181536974386 0.31442413580901857 0.34200201731102131 0.36744544079355240 0.38864884983606557 0.40346459904697080 0.41016574117647064 0.40790743014452852 0.39697889886135301 0.37871533290734827 0.35511653445176761 0.32835983157894738 0.30040015002534209 0.27275172388403129 0.24644053887733891 0.22206425477706998 0.19989527689713318 0.17998466322502274 0.16224732986586363 0.14652397923362170 0.13262239785186841 0.12034304487309645 0.10949371808608901 9.9897100286532925E-002 9.1393908404009253E-002 8.3843470929410066E-002 7.7122901236174338E-002 7.1125584543381706E-002 6.5759402640630196E-002 6.0944935321336755E-002 5.6613764065335727E-002 5.2706936060471318E-002 4.9173607898448511E-002 4.5969867059644745E-002
0.15728159999999999 0.17288938083927152 0.19015322612481861 0.20908964698372165 0.22961018717139850 0.25146942955854118 0.27420588698200082 0.29708746666666663 0.31908322649780801 0.33889180755302634 0.35505575284552843 0.36616985131358298 0.37114893144475913 0.36947426057529603 0.36132259459459454 0.34752141326259939 0.32935035897435894 0.30827193599999997 0.28568594156127336 0.26276689290012029 0.24039554642201832 0.21916288524590158 0.19941487488584472 0.18131133794630500 0.16488242235086834 0.15007511202749138 0.13678802756316558 0.12489568427073405 0.11426441025641024 0.10476217239724932 9.6264197501836887E-002 8.8655821356069836E-002 8.1833587008119921E-002 7.5705288801571693E-002 7.0189420765027336E-002 6.5214321951219498E-002 6.0717199369728414E-002 5.6643135667963682E-002 5.2944141598642205E-002 4.9578283811397852E-002
