validation/pond_uf/modaem_head.grd
DSAA
    50    50
  -100.00       100.00    
  -100.00       100.00    
   99.880       100.10    
[rows 0 to 18 of 50, columns 0 to 42 of 50]
100.08719257592422 100.08336416724313 100.07952148496827 100.07566295996487 100.07178702103086 100.06789212318323 100.06397677917745 100.06003959330386 100.05607929617433 100.05209477893385 100.04808512514548 100.04404963854697 100.03998786498708 100.03589960712810 100.03178493093124 100.02764416348238 100.02347788230688 100.01928689689738 100.01507222366921 100.01083505591737 100.00657673054255 100.00229869334213 99.998002464538459 99.993689605980350 99.989361691142008 99.985020278704980 99.980666890176593 99.976302991702966 99.971929979991572 99.967549172077256 99.963161798541790 99.958768999728790 99.954371824469803 99.949971230845094 99.945568088534486 99.941163182358522 99.936757216663437 99.932350820258506 99.927944551666712 99.923538904499054 99.919134312805340 99.914731156292063 99.910329765328299
100.08771867001317 100.08390786585149 100.08008235492227 100.07624036999050 100.07238012826792 100.06849986434338 100.06459786761786 100.06067252313484 100.05672235422588 100.05274606497552 100.04874258021084 100.04471108060694 100.04065103060921 100.03656219723176 100.03244465837001 100.02829880001242 100.02412530255849 100.01992511724723 100.01569943437262 100.01144964543620 100.00717730162081 100.00288407096384 99.998571696393597 99.994241956427999 99.989896629883035 99.985537465464162 99.981166156669445 99.976784322052524 99.972393490597014 99.967995091745138 99.963590449497204 99.959180779941207 99.954767191568735 99.950350687768534 99.945932170948453 99.941512447808890 99.937092235367004 99.932672167405386 99.928252801087424 99.923834623542106 99.919418058272214 99.915003471283626 99.910591176866902
100.08825773586496 100.08446626385401 100.08065969614151 100.07683603957560 100.07299326674561 100.06912935419236 100.06524232686732 100.06133030758535 100.05739156954559 100.05342458937407 100.04942809766693 100.04540112378390 100.04134303173718 100.03725354447522 100.03313275465125 100.02898112100922 100.02479945067950 100.02058886879716 100.01635077778646 100.01208680928383 100.00779877194624 100.00348859831671 99.999158293555865 99.994809888287165 99.990445397146402 99.986066783965470 99.981675933926226 99.977274632537103 99.972864550929884 99.968447236746471 99.964024109767777 99.959596461408097 99.955165457233676 99.950732141740104 99.946297444723200 99.941862188684823 99.937427096821537 99.932992801241269 99.928559851139084 99.924128720736661 99.919699816849487 99.915273485994419 99.910850020986842
100.08880995468205 100.08503974642986 100.08125412031079 100.07745082590655 100.07362755287298 100.06978197503527 100.06591180312077 100.06201484476637 100.05808906948552 100.05413267535181 100.05014415340071 100.04612234532797 100.04206649010329 100.03797625569288 100.03385175317183 100.02969353198479 100.02550255677379 100.02128016779136 100.01702802821991 100.01274806255941 100.00844239054892 100.00411326088286 99.999762988374101 99.995393897355058 99.991008273150342 99.986608322536128 99.982196143314269 99.977773702526250 99.973342822421586 99.968905173065082 99.964462270382384 99.960015478467582 99.955566015072876 99.951114959337019 99.946663260962652 99.942211750205701 99.937761148181167 99.933312077114095 99.928865070269595 99.924420581380460 99.919978993459353 99.915540626933250 99.911105747077045
100.08937541545039 100.08562863080790 100.08186620252022 100.07808558798413 100.07428414974788 100.07045920596404 100.06660809274200 100.06272823702831 100.05881723729165 100.05487294790110 100.05089356188756 100.04687768602005 100.04282440203880 100.03873330860294 100.03460454002057 100.03043875995397 100.02623713071078 100.02200126105045 100.01773313728479 100.01343504357732 100.00910947764879 100.00475906764947 100.00038649494779 99.995994426260964 99.991585457159402 99.987162067704475 99.982726589951710 99.978281186317034 99.973827837357405 99.969368337316951 99.964904295777359 99.960437143865249 99.955968143658723 99.951498399656472 99.947028871396554 99.942560386521876 99.938093653770892 99.933629275526343 99.929167759677000 99.924709530644890 99.920254939501675 99.915804273151764 99.911357762596509
100.08995408348522 100.08623313631195 100.08249645482917 100.07874116602630 100.07496425486383 100.07116262124670 100.06733315333311 100.06347281600421 100.05957875140822 100.05564838641781 100.05167953993364 100.04767052163484 100.04362021341127 100.03952812557523 100.03539442206731 100.03121991197803 100.02700600829185 100.02275465818195 100.01846825184673 100.01414951838343 100.00980141742251 100.00542703435420 100.00102948530660 99.996611835996930 99.992177036550288 99.987727872634935 99.983266931945494 99.978796584211707 99.974318972471309 99.969836013237725 99.965349403313979 99.960860631263131 99.956370991868752 99.951881602253877 99.947393418640743 99.942907253007888 99.938423789128791 99.933943597657787 99.929467150068248 99.924994831351569 99.920526951458001 99.916063755512155 99.911605432866594
100.09054576058644 100.08685334521343 100.08314529033784 100.07941835179069 100.07566908004578 100.07189388326697 100.06808911268213 100.06425116969855 100.06037663149273 100.05646238870999 100.05250578587408 100.04850475278869 100.04445791428834 100.04036466667245 100.03622521214828 100.03204054723409 100.02781240649522 100.02354316813484 100.01923573185051 100.01489338136578 100.01051964403089 100.00611815818411 100.00169255620239 99.997246368029806 99.992782947036545 99.988305417698626 99.983816642955219 99.979319208175681 99.974815418332355 99.970307305060643 99.965796640636555 99.961284956378023 99.956773563486479 99.952263574827001 99.947755926564270 99.943251398919344 99.938750635583276 99.934254161529211 99.929762399114026 99.925275682463152 99.920794270201327 99.916318356633596 99.911848081503706
100.09115003486744 100.08748915185895 100.08381297470488 100.08011784640432 100.07639982015485 100.07265472692748 100.06887827337276 100.06506617077243 100.06121429204573 100.05731884920810 100.05337657884317 100.04938491912515 100.04534215990579 100.04124754833039 100.03710133670654 100.03290476636830 100.02865998966102 100.02436994008845 100.02003816642909 100.01566864924439 100.01126561757386 100.00683338044466 100.00237618324580 99.997898094183313 99.993402921815061 99.988894161539960 99.984374966995432 99.979848141457623 99.975316144274856 99.970781107810879 99.966244861083609 99.961708957075501 99.957174701447883 99.952643181051087 99.948115291160150 99.943591760783676 99.939073175701026 99.934559999102717 99.930052589855208 99.925551218505277 99.921056081192745 99.916567311667649 99.912084991614989
100.09176621804433 100.08814019697694 100.08449956115891 100.08084020107412 100.07715760564076 100.07344693088444 100.06970310945542 100.06592100424496 100.06209560436142 100.05822225491775 100.05429690436858 100.05031634615214 100.04627842722768 100.04218219663427 100.03802797328400 100.03381732307849 100.02955294872319 100.02523850807061 100.02087838551070 100.01647744422456 100.01204078511221 100.00757353236547 100.00308065806449 99.998566850753534 99.994036426984565 99.989493280842012 99.984940864419329 99.980382191705161 99.975819858842769 99.971256074782787 99.966692697599640 99.962131272961443 99.957573072304356 99.953019129122339 99.948470272437362 99.943927156989133 99.939390290010138 99.934860054663645 99.930336730350405 99.925820510158673 99.921311515760607 99.916809810059917 99.912315407882375
100.09239326778274 100.08880578348759 100.08520480398501 100.08158573446141 100.07794343197045 100.07427226867638 100.07056624937654 100.06681919120051 100.06302496692980 100.05917780348474 100.05527261484517 100.05130533653357 100.04727322045200 100.04317504801642 100.03901122821402 100.03478376445005 100.03049609569233 100.02615283754216 100.02175946215866 100.01732195979093 100.01284651968128 100.00833925737135 100.00380600282969 99.999252152508731 99.994682580215155 99.990101596957459 99.985512948211593 99.980919837417574 99.976324966074415 99.971730582822559 99.967138535921023 99.962550325289897 99.957967151699734 99.953389961745430 99.948819487986640 99.944256284134440 99.939700755472472 99.935153184876867 99.930613754883751 99.926082566277941 99.921559653664914 99.917044998456433 99.912538539657348
100.09302969271724 100.08948476964551 100.08592804427319 100.08235441847873 100.07875805611654 100.07513242937890 100.07147043585347 100.06776460225348 100.06400738309402 100.06019154859811 100.05631063670381 100.05235942289028 100.04833434505034 100.04423381609868 100.04005836921438 100.03581060863765 100.03149497529650 100.02711737000014 100.02268469760178 100.01820439906851 100.01368402703824 100.00913090069973 100.00455185489845 99.999953081400193 99.995340049434233 99.990717487771121 99.986089410155770 99.981459168117226 99.976829518503578 99.972202696539981 99.967580488234518 99.962964298351366 99.958355211925848 99.953754048498084 99.949161409014025 99.944577715798161 99.940003246241659 99.935438160945978 99.930882527071574 99.926336337599636 99.921799527148195 99.917271984907217 99.912753565179784
100.09367343817343 100.09017543513242 100.08666806053395 100.08314572181276 100.07960184642604 100.07602889234938 100.07241844779361 100.06876144959205 100.06504854196294 100.06127057858770 100.05741924073035 100.05348770723934 100.04947127973091 100.04536785261025 100.04117813408502 100.03690557111344 100.03255599446919 100.02813705759927 100.02365757547932 100.01912687023140 100.01455420536641 100.00994835408618 100.00531731253184 100.00066814415754 99.996006928436529 99.991338783776257 99.986667937271363 99.981997819484818 99.977331168544936 99.972670133243895 99.968016369043468 99.963371123911884 99.958735312915408 99.954109581711833 99.949494359771677 99.944889904470571 99.940296337289709 99.935713673325921 99.931141845209396 99.926580722395641 99.922030126661227 99.917489844501929 99.912959637015149
100.09432175174253 100.09087531614223 100.08742287594801 100.08395839775807 100.08047456713322 100.07696273324460 100.07341296047530 100.06981423785157 100.06615489289084 100.06242323382179 100.05860839857624 100.05470132490045 100.05069569155168 100.04658864506463 100.04238114660059 100.03807785381395 100.03368656712959 100.02921737231677 100.02468166281363 100.02009121514303 100.01545743689552 100.01079083938789 100.00610073094388 100.00139509281264 99.996680587162089 99.991962648639074 99.987245620311541 99.982532905994859 99.977827121017810 99.973130231249854 99.968443675611397 99.963768470722670 99.959105298334805 99.954454577198632 99.949816521426527 99.945191187446667 99.940578511504029 99.935978339434314 99.931390450183358 99.926814574301545 99.922250408422215 99.917697626544040 99.913155888777723
100.09497103010841 100.09158100714741 100.08818951417007 100.08479020047439 100.08137507257518 100.07793432800941 100.07445630618723 100.07092763915473 100.06733369249694 100.06365936579951 100.05989025773633 100.05601409117676 100.05202216581471 100.04791051822743 100.04368048593579 100.03933851457239 100.03489526408931 100.03036426041966 100.02576042029747 100.02109873495795 100.01639328205762 100.01165661079561 100.00689945692633 100.00213070322556 99.997357496425991 99.992585446846135 99.987818858278857 99.983060955397363 99.978314090962286 99.973579925225906 99.968859576052125 99.964153741574464 99.959462798712195 99.954786881302041 99.950125941471995 99.945479797489796 99.940848170835636 99.936230714768627 99.931627036223361 99.927036712502328 99.922459303922608 99.917894363326553 99.913341443167937
100.09561665248249 100.09228793079983 100.08896369792829 100.08563751275385 100.08230087949525 100.07894290732420 100.07555007573080 100.07210623172000 100.06859298074063 100.06499063190601 100.06127977971188 100.05744342305194 100.05346926800338 100.04935164795151 100.04509247976998 100.04070093537270 100.03619194097463 100.03158398761518 100.02689685992335 100.02214975823632 100.01736003651735 100.01254255172304 100.00770949121554 100.00287050992779 99.998033030859332 99.993202604797531 99.988383266043101 99.983577851764295 99.978788272579621 99.974015733356595 99.969260908826342 99.964524080760498 99.959805243725910 99.955104185812232 99.950420549772474 99.945753879018142 99.941103652002425 99.936469307753669 99.931850264694333 99.927245934382626 99.922655731425877 99.918079080515625 99.913515421304282
100.09625281228872 100.09299008453939 100.08973949108754 100.08649487123344 100.08324758081348 100.07998589641174 100.07669446834687 100.07335399659719 100.06994139810328 100.06643079577060 100.06279560114145 100.05901168604204 100.05506113720405 100.05093556958776 100.04663782860972 100.04218140177149 100.03758778008505 100.03288277346572 100.02809294820368 100.02324297196868 100.01835410066022 100.01344364198503 100.00852507286052 100.00360850263927 99.998701260645049 99.993808477327974 99.988933596315334 99.984078796676172 99.979245326947449 99.974433762170477 99.969644197958900 99.964876395041429 99.960129885812051 99.955404052210312 99.950698182203851 99.946011510421144 99.941343247107028 99.936692598510092 99.932058781004727 99.927441030647728 99.922838609420339 99.918250809076156 99.913676953269842
100.09687236785523 100.09367978440822 100.09050889824096 100.08735438612493 100.08420806605073 100.08105795751631 100.07788725113885 100.07467339083026 100.07138766781628 100.06799594278297 100.06446119005975 100.06074821820062 100.05682996579453 100.05269349950504 100.04834322699628 100.04379977710099 100.03909510191768 100.03426602776184 100.02934859100679 100.02437440476045 100.01936910459021 100.01435227845467 100.00933819277849 100.00433680276581 99.999354753213581 99.994396239288164 99.989463692274541 99.984558301172768 99.979680397824296 99.974829735648754 99.970005688527678 99.965207391144375 99.960433837042075 99.955683946442420 99.950956612581606 99.946250732860562 99.941565229306761 99.936899061545788 99.932251234552865 99.927620802792092 99.923006871881810 99.918408598590048 99.913825189727518
100.09746674470267 100.09434744444700 100.09126145980072 100.08820507903184 100.08517153281136 100.08214964568104 100.07912213175368 100.07606369066323 100.07293939308654 100.06970437206473 100.06630635718045 100.06269246796387 100.05882003114735 100.05466805372683 100.05024373303300 100.04558016158101 100.04072662807717 100.03573684661499 100.03065994568053 100.02553592251961 100.02039474082774 100.01525745700293 100.01013806964067 100.00504535922906 99.999984420804736 99.994957831084250 99.989966492396178 99.985010223703171 99.980088165872502 99.975199055359795 99.970341406659117 99.965513632330754 99.960714120684884 99.955941284920456 99.951193593127527 99.946469585540910 99.941767883369963 99.937087192128715 99.932426301439776 99.927784082640741 99.923159485084184 99.918551531724745 99.913959314385266
100.09802593511884 100.09498145355121 100.09198391787234 100.08903221364034 100.08612232922786 100.08324561959857 100.08038630160871 100.07751811220466 100.07460048175604 100.07157556381549 100.06836906628007 100.06489902557622 100.06109461224737 100.05691949599351 100.05238624145186 100.04755114969923 100.04249350053510 100.03729315889358 100.03201669638403 100.02671309733645 100.02141530534277 100.01614387904333 100.01091066589959 100.00572173306371 100.00057946761910 99.995483996374773 99.990434113091339 99.985427870446017 99.980462951300197 99.975536897415481 99.970647247148236 99.965791615499668 99.960967737939015 99.956173491678328 99.951406903111049 99.946666146951188 99.941949540580509 99.937255535813364 99.932582709458060 99.927929753522179 99.923295465568899 99.918678739514519 99.914078557020460
