validation/pond_uf/modaem_qy.grd
DSAA
    50    50
  -100.00       100.00    
  -100.00       100.00    
 -0.73081      0.73081    
[rows 0 to 17 of 50, columns 0 to 39 of 50]
-0.12732320000000000 -0.13143993602201393 -0.13544661196278246 -0.13929782338467148 -0.14294538632750395 -0.14633939837242699 -0.14942956457131684 -0.15216675121951218 -0.15450470191044172 -0.15640182298168423 -0.15782292369643780 -0.15874078471284661 -0.15913743008849557 -0.15900499490273587 -0.15834611167512688 -0.15717378056555270 -0.15551073517143146 -0.15338836086302057 -0.15084525964669890 -0.14792557979289656 -0.14467723767155702 -0.14115015384615384 -0.13739460817977528 -0.13345979359119881 -0.12939261965631083 -0.12523678951249487 -0.12103214949718902 -0.11681429239587314 -0.11261438267148013 -0.10845916525934859 -0.10437111751451007 -0.10036870549609296 -9.6466709750710020E-002 -9.2676591038622427E-002 -8.9006872183078081E-002 -8.5463517808219175E-002 -8.2050298781469744E-002 -7.8769132491625871E-002 -7.5620393608074016E-002 -7.2603192704127656E-002
-0.13047313767019666 -0.13499002375471869 -0.13940540534372919 -0.14366748143067123 -0.14772056906801007 -0.15150631890048566 -0.15496529415495189 -0.15803887549854478 -0.16067141347945202 -0.16281250949472512 -0.16441927195245037 -0.16545837354700371 -0.16590773429897021 -0.16575767642736008 -0.16501144040517723 -0.16368501149938594 -0.16180627392120073 -0.15941357486136781 -0.15655383320875599 -0.15328036048092000 -0.14965057139940799 -0.14572374992545470 -0.14155900820700973 -0.13721353748245202 -0.13274120851063828 -0.12819154043892628 -0.12360902520866705 -0.11903277161646506 -0.11449641921124559 -0.11002826626641649 -0.10565155638826836 -0.10138487296867436 -9.7242597864296593E-002 -9.3235398918918896E-002 -8.9370719170984464E-002 -8.5653248115908159E-002 -8.2085361849840416E-002 -7.8667524172345349E-002 -7.5398644793005898E-002 -7.2276393788513651E-002
-0.13367662889248644 -0.13864081777777776 -0.14351684694816480 -0.14824567324955118 -0.15276289911851126 -0.15700014316072025 -0.16088690888252150 -0.16435291886195996 -0.16733082369769936 -0.16975913411537064 -0.17158517051705172 -0.17276778830769229 -0.17327962967534871 -0.17310867924528300 -0.17225896183580808 -0.17075030774844907 -0.16861721081081080 -0.16590689989362961 -0.16267682002549541 -0.15899176350662589 -0.15492090056285179 -0.15053493619302949 -0.14590357343311505 -0.14109340436224746 -0.13616628964982053 -0.13117823380992430 -0.12617872179775280 -0.12121045505569467 -0.11630941088739745 -0.11150514576217332 -0.10682126778783958 -0.10227601311475409 -9.7882872881946859E-002 -9.3651229568350119E-002 -8.9586973004020687E-002 -8.5693076124778708E-002 -8.1970118540145964E-002 -7.8416752136752130E-002 -7.5030107434924359E-002 -7.1806142513683544E-002
-0.13691435255690518 -0.14237871903194987 -0.14777458543571664 -0.15303478745008556 -0.15808484525633471 -0.16284447153089715 -0.16722976087769603 -0.17115604338394791 -0.17454130279765778 -0.17730996853932582 -0.17939680513574963 -0.18075056084085700 -0.18133701662836285 -0.18114110898041863 -0.18016788609805237 -0.17844218597844885 -0.17600707413725231 -0.17292122109062782 -0.16925550940063089 -0.16508921993846151 -0.16050615196840973 -0.15559098851641340 -0.15042614242458224 -0.14508922790697673 -0.13965121415929202 -0.13417524377313192 -0.12871604567699838 -0.12331984113266525 -0.11802462930048394 -0.11286074143878838 -0.10785156484682801 -0.10301435465786038 -9.8361070030065265E-002 -9.3899188799439953E-002 -8.9632469896424996E-002 -8.5561645212732018E-002 -8.1685032093051571E-002 -7.7999064487992098E-002 -7.4498745459594548E-002 -7.1178026638365602E-002
-0.14016016920547944 -0.14618374031317863 -0.15216675121951220 -0.15803305869269738 -0.16369660104953282 -0.16906299325842694 -0.17403205116342357 -0.17850126224703416 -0.18237010466276912 -0.18554497954446536 -0.18794438559882440 -0.18950385894206551 -0.19018015524163567 -0.18995418743502149 -0.18883235552930752 -0.18684609846603356 -0.18404972571593031 -0.18051680225829214 -0.17633552240452222 -0.17160358835368306 -0.16642310266753413 -0.16089590439048934 -0.15511965360824739 -0.14918482958124341 -0.14317267927907756 -0.13715405297587130 -0.13118899825623140 -0.12532695188633022 -0.11960736406995230 -0.11406060322839560 -0.10870901351466214 -0.10356802526520366 -9.8647245969919015E-002 -9.3951483434951868E-002 -8.9481672427062217E-002 -8.5235691036321226E-002 -8.1209063686583260E-002 -7.7395554856278373E-002 -7.3787661916575306E-002 -7.0377017773620182E-002
-0.14337927825574542 -0.15002752201257860 -0.15667394410817770 -0.16323268160472290 -0.16960451359263903 -0.17567843696750898 -0.18133450231032941 -0.18644799632183903 -0.19089489659501016 -0.19455832016632016 -0.19733547055961068 -0.19914440595842195 -0.19992985636811827 -0.19966735204332839 -0.19836510288602641 -0.19606336438356159 -0.19283137993342839 -0.18876232366175327 -0.18396691002570695 -0.17856644297666224 -0.17268604343506030 -0.16644864906279924 -0.15997017435897434 -0.15335600352956005 -0.14669880332810803 -0.14007751018998271 -0.13355727039192009 -0.12719008635650811 -0.12101593315428227 -0.11506414224912512 -0.10935489222471909 -0.10390068972585188 -9.8707762758620685E-002 -9.3777320280582735E-002 -8.9106656119534167E-002 -8.4690092307692297E-002 -8.0519768085247190E-002 -7.6586287440982059E-002 -7.2879241358653327E-002 -6.9387621969999411E-002
-0.14652593728576871 -0.15387079162778294 -0.16126656532066508 -0.16861721081081080 -0.17580880548362526 -0.18271090834256767 -0.18917961121127685 -0.19506249923947946 -0.20020551743278400 -0.20446143631532329 -0.20769926363145580 -0.20981363533902928 -0.21073303049114478 -0.21042567146763899 -0.20890222769230765 -0.20621490226907271 -0.20245304472899492 -0.19773596162412196 -0.19220396469608658 -0.18600883287671230 -0.17930477054528507 -0.17224068168930010 -0.16495423867371731 -0.15756789187713310 -0.15018670240728690 -0.14289771053609013 -0.13577047500294082 -0.12885841330802725 -0.12220061492853360 -0.11582386432513797 -0.10974468080251021 -0.10397124655436446 -9.8505147051292971E-002 -9.3342887828548313E-002 -8.8477179609045609E-002 -8.3898001599185881E-002 -7.9593463071512272E-002 -7.5550488184853049E-002 -7.1755350202051593E-002 -6.8194080236336760E-002
-0.14954067114093958 -0.15766013574007218 -0.16590129767512535 -0.17415799011006539 -0.18230029053264313 -0.19017530743772862 -0.19761021538461537 -0.20441798165137612 -0.21040594334168433 -0.21538694811599920 -0.21919221843003411 -0.22168455634517767 -0.22277013670679449 -0.22240709716846604 -0.22060950495049506 -0.21744601473809996 -0.21303345170731708 -0.20752640942786538 -0.20110452016946029 -0.19395921833362939 -0.18628159699709945 -0.17825247999999996 -0.17003526553496337 -0.16177158690176321 -0.15357946827964550 -0.14555345153979468 -0.13776611230283908 -0.13027042596348884 -0.12310254143646408 -0.11628463521141760 -0.10982762699929585 -0.10373362850356292 -9.7998064805672719E-002 -9.2611454745949603E-002 -8.7560866148047159E-002 -8.2831078066914490E-002 -7.8405489407540371E-002 -7.4266814502414805E-002 -7.0397603971887282E-002 -6.6780625114685910E-002
-0.15234691016723395 -0.16132394170192757 -0.17051649362266025 -0.17980927021834059 -0.18905566060606058 -0.19807736617279195 -0.20666694880546072 -0.21459413633520949 -0.22161637717976312 -0.22749349657458559 -0.23200542528735627 -0.23497102761926497 -0.23626533669956384 -0.23583231890034359 -0.23369082224744603 -0.22993256019656014 -0.22471252390307789 -0.21823363832944664 -0.21072836683725688 -0.20244013215339232 -0.19360693473763396 -0.18444867801469264 -0.17515876671771308 -0.16589976986301369 -0.15680244813404415 -0.14796723760241481 -0.13946729061102831 -0.13135231236442518 -0.12365262126126124 -0.11638304940644431 -0.10954645865701819 -0.10313676705740905 -9.7141461923185790E-002 -9.1543625789239635E-002 -8.6323528050314471E-002 -8.1459845849489607E-002 -7.6930578581570874E-002 -7.2713715617715613E-002 -6.8787709455395918E-002 -6.5131798291679824E-002
-0.15484703026421134 -0.16476737161356281 -0.17502619076923076 -0.18550157375791290 -0.19603075288870866 -0.20640762091782280 -0.21638391228462742 -0.22567554352392064 -0.23397524897169125 -0.24097176775479692 -0.24637444687898089 -0.24994047660894289 -0.25150057321196362 -0.25097838152089286 -0.24839961572052402 -0.24388895435056751 -0.23765537085278937 -0.22996901403091555 -0.22113416510404754 -0.21146286988847582 -0.20125280000000001 -0.19077129690274214 -0.18024598397017705 -0.16986118109959597 -0.15975874838922846 -0.15004184701318848 -0.14078027427573153 -0.13201634184300340 -0.12377060079354918 -0.11604700636025439 -0.10883733303320202 -0.10212479712746857 -9.5886931482399587E-002 -9.0097801546631856E-002 -8.4729668273021988E-002 -7.9754202391752557E-002 -7.5143344782034327E-002 -7.0869894027116173E-002 -6.6907887912544109E-002 -6.3232832276204784E-002
-0.15691783798785774 -0.16786627129337536 -0.17931245510406346 -0.19113275639129515 -0.20315098495396361 -0.21513230344827583 -0.22678148307846574 -0.23774805151116951 -0.24764066137421292 -0.25605189244268328 -0.26259255036284468 -0.26693164237238121 -0.26883546389301632 -0.26819784642751260 -0.26505459595663633 -0.25957857560975611 -0.25205665533574811 -0.24285404993288592 -0.23237383406113532 -0.22101913901783529 -0.20916331468208091 -0.19713038483329695 -0.18518553449334693 -0.17353373028966046 -0.16232394329804412 -0.15165655255658003 -0.14159200751291282 -0.13215943550036521 -0.12336442601936450 -0.11519563682669041 -0.10763014110648425 -0.10063759439314715 -9.4183376991150439E-002 -8.8230892031600477E-002 -8.2743193633952244E-002 -7.7684099270072984E-002 -7.3018914843813024E-002 -6.8714875503228259E-002 -6.4741382380304871E-002 -6.1070096266792676E-002
-0.15840567387624599 -0.17046002185792350 -0.18321578594735699 -0.19655611855309216 -0.21029786966292133 -0.22417965610859725 -0.23785455182151932 -0.25089156032171578 -0.26279031762870514 -0.27301230729335491 -0.28102868468468467 -0.28637979190751445 -0.28873601919780600 -0.28794631384615388 -0.28406170927487351 -0.27732728613763580 -0.26814484813753581 -0.25701646872139150 -0.24448271930333818 -0.23106802962962963 -0.21724089966468921 -0.20339120212509051 -0.18982262068965514 -0.17675613179433367 -0.16434009131707314 -0.15266321696574225 -0.14176787880828143 -0.13166218039706115 -0.12233013333333330 -0.11373976610398377 -0.10584931104687696 -9.8611751317175950E-002 -9.1978046084962323E-002 -8.5899333809280970E-002 -8.0328370815450634E-002 -7.5220413324997765E-002 -7.0533704714847975E-002 -6.6229690021231427E-002 -6.2273047541589639E-002 -5.8631602366863898E-002
-0.15912152621913894 -0.17234355801104970 -0.18652346328629515 -0.20156490049108294 -0.21729022011702423 -0.23341951511523493 -0.24955347200000000 -0.26516647398843934 -0.27961799928289710 -0.29218980891719748 -0.30215211158465710 -0.30885330693069307 -0.31181711315473809 -0.31082287764049421 -0.30594531188701451 -0.29754086226631060 -0.28618517431192658 -0.27258112548060121 -0.25746272697259820 -0.24151582533292043 -0.22532637965905808 -0.20935693959731541 -0.19394543645859236 -0.17931814210163258 -0.16560938628158839 -0.15288268966869237 -0.14115015384615381 -0.13038866410299280 -0.12055257381357241 -0.11158314494205178 -0.10341527648852938 -9.5982104615384603E-002 -8.9218007093009949E-002 -8.3060453722441127E-002 -7.7451047770384349E-002 -7.2336017067062414E-002 -6.7666342733188695E-002 -6.3397658726932760E-002 -5.9490014493859163E-002 -5.5907563266183936E-002
-0.15883688997121984 -0.17325917218063266 -0.18895607900974454 -0.20587266341463412 -0.22385841872074880 -0.24263315251944534 -0.26175345932141553 -0.28058906218224483 -0.29832275758835752 -0.31398959824945294 -0.32656633227127896 -0.33510800186828582 -0.33890705337742089 -0.33763116799999998 -0.33139317875288682 -0.32072697004917300 -0.30647852712516016 -0.28965128461849010 -0.27125377391304345 -0.25218496731107198 -0.23317069613259667 -0.21474595390601614 -0.19726869177893866 -0.18094986935687263 -0.16588814612716757 -0.15210223277506887 -0.13955771873176423 -0.12818764195104518 -0.11790735119145437 -0.10862471339894020 -0.10024678384798101 -9.2683920940446946E-002 -8.5852127797056338E-002 -7.9674206774014406E-002 -7.4080147857511616E-002 -6.9007043570260648E-002 -6.4398728300870650E-002 -6.0205272467902991E-002 -5.6382415088408633E-002 -5.2890986509399177E-002
-0.15728159999999997 -0.17288938083927155 -0.19015322612481861 -0.20908964698372165 -0.22961018717139850 -0.25146942955854118 -0.27420588698200088 -0.29708746666666663 -0.31908322649780807 -0.33889180755302639 -0.35505575284552843 -0.36616985131358304 -0.37114893144475919 -0.36947426057529609 -0.36132259459459465 -0.34752141326259944 -0.32935035897435899 -0.30827193600000002 -0.28568594156127342 -0.26276689290012029 -0.24039554642201832 -0.21916288524590158 -0.19941487488584472 -0.18131133794630497 -0.16488242235086828 -0.15007511202749141 -0.13678802756316558 -0.12489568427073403 -0.11426441025641024 -0.10476217239724930 -9.6264197501836873E-002 -8.8655821356069808E-002 -8.1833587008119907E-002 -7.5705288801571666E-002 -7.0189420765027322E-002 -6.5214321951219498E-002 -6.0717199369728407E-002 -5.6643135667963675E-002 -5.2944141598642191E-002 -4.9578283811397846E-002
-0.15414551261378412 -0.17085312654943788 -0.18966063872000002 -0.21069658585140422 -0.23398716778523485 -0.25938271159737414 -0.28646181536974380 -0.31442413580901851 -0.34200201731102126 -0.36744544079355235 -0.38864884983606551 -0.40346459904697068 -0.41016574117647053 -0.40790743014452846 -0.39697889886135296 -0.37871533290734821 -0.35511653445176750 -0.32835983157894738 -0.30040015002534209 -0.27275172388403129 -0.24644053887733883 -0.22206425477706998 -0.19989527689713318 -0.17998466322502280 -0.16224732986586363 -0.14652397923362173 -0.13262239785186841 -0.12034304487309645 -0.10949371808608903 -9.9897100286532953E-002 -9.1393908404009253E-002 -8.3843470929410066E-002 -7.7122901236174365E-002 -7.1125584543381706E-002 -6.5759402640630210E-002 -6.0944935321336755E-002 -5.6613764065335748E-002 -5.2706936060471318E-002 -4.9173607898448518E-002 -4.5969867059644752E-002
-0.14908662580826537 -0.16670893681232313 -0.18692320338385623 -0.21002024871287125 -0.23621431091314030 -0.26554888733099641 -0.29775470409882093 -0.33206081903569185 -0.36699039999999994 -0.40022726641509437 -0.42869937590945839 -0.44902720406435226 -0.45834151080380298 -0.45519410128755367 -0.44008392365145232 -0.41527104776820672 -0.38399792034757424 -0.34957226631509558 -0.31471877032640944 -0.28132685835543764 -0.25049651771374587 -0.22272201931961355 -0.19809530369816958 -0.17647292113144758 -0.15759320297176813 -0.14115015384615381 -0.12683595503468068 -0.11436297778736254 -0.10347339082926828 -9.3941741009743132E-002 -8.5573846700016137E-002 -7.8203971095708577E-002 -7.1691378667027156E-002 -6.5916858669981329E-002 -6.0779498911174790E-002 -5.6193825156299657E-002 -5.2087332089185714E-002 -4.8398387149767262E-002 -4.5074469018274534E-002 -4.2070696390321280E-002
-0.14174879127537107 -0.15997017435897432 -0.18129126695079428 -0.20621981489643015 -0.23525025641025638 -0.26876091901206195 -0.30682803934426228 -0.34892823266219236 -0.39353470142977282 -0.43771072029934510 -0.47697529051987758 -0.50585163243243236 -0.51932603773584907 -0.51475551155115506 -0.49305875658587978 -0.45828869735553374 -0.41592245333333328 -0.37106483743061064 -0.32744069979006291 -0.28723926335174949 -0.25143082213863516 -0.22019423999999993 -0.19327251548946714 -0.17021198981447799 -0.15050265680283045 -0.13365117395029991 -0.11921344203821656 -0.10680501255421136 -9.6100382008625987E-002 -8.6827381703470027E-002 -7.8759932671267477E-002 -7.1710767816091939E-002 -6.5524822853942025E-002 -6.0073534471690837E-002 -5.5250060219624524E-002 -5.0965337109247354E-002 -4.7144862468513848E-002 -4.3726077936641440E-002 -4.0656248153618908E-002 -3.7890740950684253E-002
