validation/pond_uf/modaem_head.grd
DSAA
    50    50
  -100.00       100.00    
  -100.00       100.00    
   99.880       100.10    
[rows 19 to 37 of 50, columns 0 to 42 of 50]
100.09853865129257 100.09556823690137 100.09266007777252 100.08981677794294 100.08703878623373 100.08432247339520 100.08165694330704 100.07901899857610 100.07636588996311 100.07362673657336 100.07069699212120 100.06744596600758 100.06374868330640 100.05953686042848 100.05483442969260 100.04974450047615 100.04440056120009 100.03892250259098 100.03339786138810 100.02788240712857 100.02240807597954 100.01699114856713 100.01163838747934 100.00635107628047 100.00112750714581 99.995964456138708 99.990858035341986 99.985804172613328 99.980798872443074 99.975838349597097 99.970919089699294 99.966037868573622 99.961191748977583 99.956378065589831 99.951594404532912 99.946838581008592 99.942108617028126 99.937402720280801 99.932719264636603 99.928056772462995 99.923413898760259 99.918789417024783 99.914182206705050
100.09899268957858 100.09609260605507 100.09327104054057 100.09053538884356 100.08789240489602 100.08534656072952 100.08289679425748 100.08053030827828 100.07821139289736 100.07586339104073 100.07334641812803 100.07041349776854 100.06682901422003 100.06258166519878 100.05767145070483 100.05218874126143 100.04643579935558 100.04059296538126 100.03476588516638 100.02900805082437 100.02334191687478 100.01777338126767 100.01230018787514 100.00691644135644 100.00161492775224 99.996388260773529 99.991229415652796 99.986131949192256 99.981090062488235 99.976098587788627 99.971152941605212 99.966249065577202 99.961383365760071 99.956552655343330 99.951754102856199 99.946985186421614 99.942243653888127 99.937527488343804 99.932834878401778 99.928164192637979 99.923513957603092 99.918882838891648 99.914269624817251
100.09937554642580 100.09653849318077 100.09379600446428 100.09116099360823 100.08864803932376 100.08627275073030 100.08404975110608 100.08198741231297 100.08007521391863 100.07824533033831 100.07598657773524 100.07306495965943 100.06948047611091 100.06523312708967 100.06032291259569 100.05474983262903 100.04854829502298 100.04223904426074 100.03605971083961 100.03003940673938 100.02417690457004 100.01845972264570 100.01287235204033 100.00739956057912 100.00202757004797 99.996744344504336 99.991539526612726 99.986404252049454 99.981330938196791 99.976313085002928 99.971345100649657 99.966422154066265 99.961540052194167 99.956695138601475 99.951884209931222 99.947104447007590 99.942353357898028 99.937628730699373 99.932928594233260 99.928251185185914 99.923594920514347 99.918958374171410 99.914340257386939
100.09967528338841 100.09689011006415 100.09421378175109 100.09166474726652 100.08926592369879 100.08704579408536 100.08503930267634 100.08328730560584 100.08183044020534 100.08023392675646 100.07797517415338 100.07505355607759 100.07146907252907 100.06722172350783 100.06231150901387 100.05673842904719 100.05050248360777 100.04374438006376 100.03719002571600 100.03091136043585 100.02486618931238 100.01901635094623 100.01333020100878 100.00778217768897 100.00235172992717 99.997022269877746 99.991780307414089 99.986614773888661 99.981516503855602 99.976477839475251 99.971492327666610 99.966554486788411 99.961659625456591 99.956803700637607 99.951983205532130 99.947195080233129 99.942436639940183 99.937705516821339 99.932999612572061 99.928317059426021 99.923656187895332 99.919015499908397 99.914393646307587
100.09988156986871 100.09713346051274 100.09450500510155 100.09201921978543 100.08970621991391 100.08760630381404 100.08577473592280 100.08428920222157 100.08315554483227 100.08155965770192 100.07930090509883 100.07637928702303 100.07279480347451 100.06854745445327 100.06363723995929 100.05806415999261 100.05182821455321 100.04493375192968 100.03804393089671 100.03155071644154 100.02536128850920 100.01941031600275 100.01365075586460 100.00804787414820 100.00257541298950 99.997213096856186 99.991944973101909 99.986758280961766 99.981642662752577 99.976589601856531 99.971592014388108 99.966643947207132 99.961740350954685 99.956876906960986 99.952049893469876 99.947256080986975 99.942492649497254 99.937757122311737 99.933047312705511 99.928361280500127 99.923697296453952 99.919053812838797 99.914429438960525
100.09998675372144 100.09725798452065 100.09465471345578 100.09220255863629 100.08993585388184 100.08790209442772 100.08616961755273 100.08484180248591 100.08381841030499 100.08222252317462 100.07996377057154 100.07704215249575 100.07345766894723 100.06921031992599 100.06430010543203 100.05872702546534 100.05249108002594 100.04559226911381 100.03850789908036 100.03189075001248 100.02562088991930 100.01961486252516 100.01381600930470 100.00818412488172 100.00268965739224 99.997310254262999 99.992028601589141 99.986831016800920 99.981706500247086 99.976646077232175 99.971642329987475 99.966689057407649 99.961781022884779 99.956913764227636 99.952083448190820 99.947286757618144 99.942520802804680 99.937783051099586 99.933071270424250 99.928383483531377 99.923717930644258 99.919073038699423 99.914447395840000
100.09998675372144 100.09725798452065 100.09465471345578 100.09220255863629 100.08993585388184 100.08790209442772 100.08616961755273 100.08484180248591 100.08381841030499 100.08222252317462 100.07996377057154 100.07704215249575 100.07345766894723 100.06921031992599 100.06430010543203 100.05872702546534 100.05249108002594 100.04559226911381 100.03850789908036 100.03189075001248 100.02562088991930 100.01961486252516 100.01381600930470 100.00818412488172 100.00268965739224 99.997310254262999 99.992028601589141 99.986831016800920 99.981706500247086 99.976646077232175 99.971642329987475 99.966689057407649 99.961781022884779 99.956913764227636 99.952083448190820 99.947286757618144 99.942520802804680 99.937783051099586 99.933071270424250 99.928383483531377 99.923717930644258 99.919073038699423 99.914447395840000
100.09988156986871 100.09713346051274 100.09450500510155 100.09201921978543 100.08970621991391 100.08760630381404 100.08577473592280 100.08428920222157 100.08315554483227 100.08155965770192 100.07930090509883 100.07637928702303 100.07279480347451 100.06854745445327 100.06363723995929 100.05806415999261 100.05182821455321 100.04493375192968 100.03804393089671 100.03155071644154 100.02536128850920 100.01941031600275 100.01365075586460 100.00804787414820 100.00257541298950 99.997213096856186 99.991944973101909 99.986758280961766 99.981642662752577 99.976589601856531 99.971592014388108 99.966643947207132 99.961740350954685 99.956876906960986 99.952049893469876 99.947256080986975 99.942492649497254 99.937757122311737 99.933047312705511 99.928361280500127 99.923697296453952 99.919053812838797 99.914429438960525
100.09967528338841 100.09689011006415 100.09421378175109 100.09166474726652 100.08926592369879 100.08704579408536 100.08503930267634 100.08328730560584 100.08183044020534 100.08023392675646 100.07797517415338 100.07505355607759 100.07146907252907 100.06722172350783 100.06231150901387 100.05673842904719 100.05050248360777 100.04374438006376 100.03719002571600 100.03091136043585 100.02486618931238 100.01901635094623 100.01333020100878 100.00778217768897 100.00235172992717 99.997022269877746 99.991780307414089 99.986614773888661 99.981516503855602 99.976477839475251 99.971492327666610 99.966554486788411 99.961659625456591 99.956803700637607 99.951983205532130 99.947195080233129 99.942436639940183 99.937705516821339 99.932999612572061 99.928317059426021 99.923656187895332 99.919015499908397 99.914393646307587
100.09937554642580 100.09653849318077 100.09379600446428 100.09116099360823 100.08864803932376 100.08627275073030 100.08404975110608 100.08198741231297 100.08007521391863 100.07824533033831 100.07598657773524 100.07306495965943 100.06948047611091 100.06523312708967 100.06032291259569 100.05474983262903 100.04854829502298 100.04223904426074 100.03605971083961 100.03003940673938 100.02417690457004 100.01845972264570 100.01287235204033 100.00739956057912 100.00202757004797 99.996744344504336 99.991539526612726 99.986404252049454 99.981330938196791 99.976313085002928 99.971345100649657 99.966422154066265 99.961540052194167 99.956695138601475 99.951884209931222 99.947104447007590 99.942353357898028 99.937628730699373 99.932928594233260 99.928251185185914 99.923594920514347 99.918958374171410 99.914340257386939
100.09899268957858 100.09609260605507 100.09327104054057 100.09053538884356 100.08789240489602 100.08534656072952 100.08289679425748 100.08053030827828 100.07821139289736 100.07586339104073 100.07334641812803 100.07041349776854 100.06682901422003 100.06258166519878 100.05767145070483 100.05218874126143 100.04643579935558 100.04059296538126 100.03476588516638 100.02900805082437 100.02334191687478 100.01777338126767 100.01230018787514 100.00691644135644 100.00161492775224 99.996388260773529 99.991229415652796 99.986131949192256 99.981090062488235 99.976098587788627 99.971152941605212 99.966249065577202 99.961383365760071 99.956552655343330 99.951754102856199 99.946985186421614 99.942243653888127 99.937527488343804 99.932834878401778 99.928164192637979 99.923513957603092 99.918882838891648 99.914269624817251
100.09853865129257 100.09556823690137 100.09266007777252 100.08981677794294 100.08703878623373 100.08432247339520 100.08165694330704 100.07901899857610 100.07636588996311 100.07362673657336 100.07069699212120 100.06744596600758 100.06374868330640 100.05953686042848 100.05483442969260 100.04974450047615 100.04440056120009 100.03892250259098 100.03339786138810 100.02788240712857 100.02240807597954 100.01699114856713 100.01163838747934 100.00635107628047 100.00112750714581 99.995964456138708 99.990858035341986 99.985804172613328 99.980798872443074 99.975838349597097 99.970919089699294 99.966037868573622 99.961191748977583 99.956378065589831 99.951594404532912 99.946838581008592 99.942108617028126 99.937402720280801 99.932719264636603 99.928056772462995 99.923413898760259 99.918789417024783 99.914182206705050
100.09802593511884 100.09498145355121 100.09198391787234 100.08903221364034 100.08612232922786 100.08324561959857 100.08038630160871 100.07751811220466 100.07460048175604 100.07157556381549 100.06836906628007 100.06489902557622 100.06109461224737 100.05691949599351 100.05238624145186 100.04755114969923 100.04249350053510 100.03729315889358 100.03201669638403 100.02671309733645 100.02141530534277 100.01614387904333 100.01091066589959 100.00572173306371 100.00057946761910 99.995483996374773 99.990434113091339 99.985427870446017 99.980462951300197 99.975536897415481 99.970647247148236 99.965791615499668 99.960967737939015 99.956173491678328 99.951406903111049 99.946666146951188 99.941949540580509 99.937255535813364 99.932582709458060 99.927929753522179 99.923295465568899 99.918678739514519 99.914078557020460
100.09746674470267 100.09434744444700 100.09126145980072 100.08820507903184 100.08517153281136 100.08214964568104 100.07912213175368 100.07606369066323 100.07293939308654 100.06970437206473 100.06630635718045 100.06269246796387 100.05882003114735 100.05466805372683 100.05024373303300 100.04558016158101 100.04072662807717 100.03573684661499 100.03065994568053 100.02553592251961 100.02039474082774 100.01525745700293 100.01013806964067 100.00504535922906 99.999984420804736 99.994957831084250 99.989966492396178 99.985010223703171 99.980088165872502 99.975199055359795 99.970341406659117 99.965513632330754 99.960714120684884 99.955941284920456 99.951193593127527 99.946469585540910 99.941767883369963 99.937087192128715 99.932426301439776 99.927784082640741 99.923159485084184 99.918551531724745 99.913959314385266
100.09687236785523 100.09367978440822 100.09050889824096 100.08735438612493 100.08420806605073 100.08105795751631 100.07788725113885 100.07467339083026 100.07138766781628 100.06799594278297 100.06446119005975 100.06074821820062 100.05682996579453 100.05269349950504 100.04834322699628 100.04379977710099 100.03909510191768 100.03426602776184 100.02934859100679 100.02437440476045 100.01936910459021 100.01435227845467 100.00933819277849 100.00433680276581 99.999354753213581 99.994396239288164 99.989463692274541 99.984558301172768 99.979680397824296 99.974829735648754 99.970005688527678 99.965207391144375 99.960433837042075 99.955683946442420 99.950956612581606 99.946250732860562 99.941565229306761 99.936899061545788 99.932251234552865 99.927620802792092 99.923006871881810 99.918408598590048 99.913825189727518
100.09625281228872 100.09299008453939 100.08973949108754 100.08649487123344 100.08324758081348 100.07998589641174 100.07669446834687 100.07335399659719 100.06994139810328 100.06643079577060 100.06279560114145 100.05901168604204 100.05506113720405 100.05093556958776 100.04663782860972 100.04218140177149 100.03758778008505 100.03288277346572 100.02809294820368 100.02324297196868 100.01835410066022 100.01344364198503 100.00852507286052 100.00360850263927 99.998701260645049 99.993808477327974 99.988933596315334 99.984078796676172 99.979245326947449 99.974433762170477 99.969644197958900 99.964876395041429 99.960129885812051 99.955404052210312 99.950698182203851 99.946011510421144 99.941343247107028 99.936692598510092 99.932058781004727 99.927441030647728 99.922838609420339 99.918250809076156 99.913676953269842
100.09561665248249 100.09228793079983 100.08896369792829 100.08563751275385 100.08230087949525 100.07894290732420 100.07555007573080 100.07210623172000 100.06859298074063 100.06499063190601 100.06127977971188 100.05744342305194 100.05346926800338 100.04935164795151 100.04509247976998 100.04070093537270 100.03619194097463 100.03158398761518 100.02689685992335 100.02214975823632 100.01736003651735 100.01254255172304 100.00770949121554 100.00287050992779 99.998033030859332 99.993202604797531 99.988383266043101 99.983577851764295 99.978788272579621 99.974015733356595 99.969260908826342 99.964524080760498 99.959805243725910 99.955104185812232 99.950420549772474 99.945753879018142 99.941103652002425 99.936469307753669 99.931850264694333 99.927245934382626 99.922655731425877 99.918079080515625 99.913515421304282
100.09497103010841 100.09158100714741 100.08818951417007 100.08479020047439 100.08137507257518 100.07793432800941 100.07445630618723 100.07092763915473 100.06733369249694 100.06365936579951 100.05989025773633 100.05601409117676 100.05202216581471 100.04791051822743 100.04368048593579 100.03933851457239 100.03489526408931 100.03036426041966 100.02576042029747 100.02109873495795 100.01639328205762 100.01165661079561 100.00689945692633 100.00213070322556 99.997357496425991 99.992585446846135 99.987818858278857 99.983060955397363 99.978314090962286 99.973579925225906 99.968859576052125 99.964153741574464 99.959462798712195 99.954786881302041 99.950125941471995 99.945479797489796 99.940848170835636 99.936230714768627 99.931627036223361 99.927036712502328 99.922459303922608 99.917894363326553 99.913341443167937
100.09432175174253 100.09087531614223 100.08742287594801 100.08395839775807 100.08047456713322 100.07696273324460 100.07341296047530 100.06981423785157 100.06615489289084 100.06242323382179 100.05860839857624 100.05470132490045 100.05069569155168 100.04658864506463 100.04238114660059 100.03807785381395 100.03368656712959 100.02921737231677 100.02468166281363 100.02009121514303 100.01545743689552 100.01079083938789 100.00610073094388 100.00139509281264 99.996680587162089 99.991962648639074 99.987245620311541 99.982532905994859 99.977827121017810 99.973130231249854 99.968443675611397 99.963768470722670 99.959105298334805 99.954454577198632 99.949816521426527 99.945191187446667 99.940578511504029 99.935978339434314 99.931390450183358 99.926814574301545 99.922250408422215 99.917697626544040 99.913155888777723
