validation/inho_uf/modaem_psi.grd
DSAA
    51    51
  -100.00       100.00    
  -100.00       100.00    
  -1131.6       1131.6    
[rows 0 to 17 of 51, columns 0 to 41 of 51]
1065.5366551004445 1068.2198114335697 1071.0092659303518 1073.9034587110818 1076.8993432762800 1079.9921093837056 1083.1748852897072 1086.4384271225354 1089.7708073052472 1093.1571188804155 1096.5792180141907 1100.0155322909031 1103.4409667198834 1106.8269413908129 1110.1415930081821 1113.3501658856858 1116.4156058999615 1119.2993541386495 1121.9623177359772 1124.3659769401511 1126.4735731582368 1128.2513148291764 1129.6695369307763 1130.7037546102583 1131.3355599352653 1131.5533210842677 1131.3526534293342 1130.7366400950941 1129.7157850854310 1128.3076869042270 1126.5364292219820 1124.4317019628888 1122.0276916570201 1119.3618086069100 1116.4733410829931 1113.4021351558786 1110.1873899975963 1106.8666359098552 1103.4749331984513 1100.0443017780344 1096.6033690787481 1093.1772093409709
1025.4668767981493 1028.2609748968753 1031.1758094571214 1034.2109914349676 1037.3645999157252 1040.6328545367232 1044.0097540273782 1047.4866876234883 1051.0520312666140 1054.6907470449005 1058.3840120877521 1062.1089114716451 1065.8382374432167 1069.5404425273555 1073.1797944804039 1076.7167741591711 1080.1087417406616 1083.3108729205669 1086.2773380624767 1088.9626694140316 1091.3232405065555 1093.3187716420725 1094.9137761412003 1096.0788709962544 1096.7918892633716 1097.0387471688318 1096.8140337207024 1096.1213007715996 1094.9730341147169 1093.3902838793874 1091.4019351143543 1089.0436187848318 1086.3563032457714 1083.3846565316499 1080.1753110847785 1076.7751776333380 1073.2299386681334 1069.5828124185455 1065.8736302772613 1062.1382277891435 1058.4081190769175 1054.7104080817071
985.27705052398960 988.18119608520647 991.22175129023708 994.39978870802952 997.71484104251795 1001.1645203597673 1004.7440863927659 1008.4459683264104 1012.2592505282646 1016.1691410113908 1020.1564520782249 1024.1971351383690 1028.2619247669591 1032.3161580695632 1036.3198404664618 1040.2280235565013 1043.9915410954345 1047.5581148873425 1050.8737983421906 1053.8846816357218 1056.5387504849296 1058.7877779572136 1060.5891345637556 1061.9074189278763 1062.7158327484758 1062.9972472529171 1062.7449319668485 1061.9629326312061 1060.6660827385804 1058.8796128496942 1056.6383047253221 1053.9851542194410 1050.9695719559131 1047.6452443695562 1044.0678566193947 1040.2929059882163 1036.3738012893118 1032.3603708925921 1028.2978208646737 1024.2261198732904 1020.1797486242049 1016.1877362635396
944.95294378049766 947.96480728143433 951.12995570079875 954.45125239249683 957.93006445312494 961.56582875177264 965.35554592076005 969.29320242725771 973.36912745255177 977.56930126916268 981.87464576300772 986.26034579032057 990.69527103738801 995.14158875846260 999.55467228175985 1003.8834102369219 1008.0709986988586 1012.0562489905315 1015.7753738264400 1019.1641418886466 1022.1602398392679 1024.7056670425045 1026.7490077696057 1028.2474584637912 1029.1685183358895 1029.4912832179471 1029.2073232737930 1028.3211606030454 1026.8503572145855 1024.8251624214608 1022.2875957116321 1019.2898380258630 1015.8919164087692 1012.1588527188069 1008.1576051794382 1003.9541788373135 999.61120718064649 995.18616590438160 990.73023979397840 986.28776783939793 981.89614786907805 977.58607646659493
904.47940964332338 907.59494688558152 910.88176436496178 914.34488102396426 917.98793161616777 921.81268377192100 925.81845798001814 930.00144377769357 934.35391177145721 938.86333199427463 943.51142616425568 948.27320594370212 953.11608127335603 957.99915919752493 962.87288621644439 967.67920194617727 972.35235086552893 976.82042871846897 981.00762495921481 984.83699462110781 988.23350437546469 991.12708746043063 993.45549937096439 995.16683337097675 996.22158907931589 996.59421313741041 996.27410240852623 995.26615945442609 993.59100460281297 991.28479814807179 988.39840111934791 984.99552422813940 981.14972054211103 976.94047219358981 972.44895232030740 967.75411874700330 962.92961794365874 958.04169201169498 953.14803847768599 948.29744079420379 943.52995554488643 938.87746659190816
863.84049298309219 867.05364362766522 870.45704557802674 874.05826724664439 877.86369227172872 881.87799786058895 886.10350797944920 890.53940479391713 895.18078635868005 900.01756867078439 905.03324888632778 910.20357727990995 915.49523119875812 920.86464409791733 926.25720790817650 931.60711565101155 936.83810785906826 941.86529333196449 946.59802138224404 950.94354094452501 954.81100887892899 958.11541447964919 960.78115163601615 962.74512663102905 963.95929579708900 964.39247082484508 964.03134285186934 962.88097801360709 960.96518295313945 958.32680042782704 955.02735379743353 951.14513478082699 946.77124090597681 942.00396989057481 936.94269880752108 931.68246472552346 926.31000822121496 920.90144473615237 915.52131686574103 910.22263330734131 905.04753075811459 900.02828929040425
823.01959155194345 826.32196315392139 829.83431258700512 833.56716918945312 837.53018411456287 841.73158810417408 846.17749501053731 850.87102138981572 855.81119315310025 860.99161654547788 866.39890731135893 872.01090568154541 877.79476412953227 883.70508605315990 889.68241273825697 895.65247573739907 901.52668882674334 907.20425563458048 912.57594762030931 917.52912172115248 921.95315598199522 925.74451059076819 928.81109524540625 931.07605855545989 932.48099240062038 932.98809576517488 932.58094160135443 931.26441545179114 929.06510778320080 926.03272374120570 922.24126287036779 917.78763483108742 912.78629609072959 907.36070039273181 901.63397823376727 895.72122329171543 889.72454953610941 883.73082275618981 877.81132957717273 872.02259754377428 866.40779881787785 860.99840246135500
781.99968160858771 785.38023056759084 788.99092956462846 792.84568034728363 796.95793918783238 801.34018182357067 806.00318741662340 810.95509620012854 816.20018947139943 821.73733844846356 827.55807603869471 833.64427347151650 839.96546901647889 846.47602012451898 853.11244844971588 859.79160164180939 866.41047395003625 872.84851211418209 878.97274189882955 884.64504481789845 889.72990621889767 894.10092936968431 897.64576299987857 900.27049909988091 901.90410995250204 902.50151384262244 902.04349037091015 900.53448629816558 898.00223472510334 894.50166595397786 890.12036129603439 884.97936565700729 879.22550238382064 873.01713403102258 866.50904982273914 859.84130561921847 853.13351670810334 846.48349234129455 839.96834907310040 833.64667648700015 827.56100154581509 821.74024809455295
740.76361684079893 744.20834215294963 747.90342443974805 751.86652501607023 756.11543395769331 760.66758046098039 765.53934270233003 770.74509543976455 776.29591831023572 782.19787171942153 788.44973532577933 795.04010899562127 801.94382429261896 809.11775209447660 816.49637904454721 823.98800004711666 831.47295718353416 838.80570566086681 845.82193941923470 852.34998278298008 858.22284773411593 863.28659665361556 867.40437554508753 870.46049447693804 872.36782332470466 873.07424581641681 872.56074873581383 870.83227274808814 867.91326410874535 863.85719289708868 858.76365038744552 852.78590435228034 846.11848824574372 838.97066265002741 831.54025131237358 823.99773264460146 816.48124504199404 809.09818690676275 801.92922175120202 795.03249391459667 788.44741132537274 782.19799809205415
699.29450723207265 702.78617764862429 706.54792664942579 710.60150667781818 714.96952320387754 719.67503879872856 724.74097024716684 730.18920293613701 736.03932105738568 742.30681793324402 749.00060797843616 756.11961826293191 763.64822243236995 771.55036519408532 779.76254854591025 788.18659690312052 796.68438674112622 805.07815965560076 813.16023257974302 820.71242936729323 827.52774750668323 833.42161803337149 838.22940784595630 841.80540165293496 844.03823579613527 844.87074567806303 844.29574855501596 842.32515008919108 838.96935140555433 834.25979395359536 828.29846181031826 821.28452211260083 813.48963694006306 805.20189220015345 796.67799169875525 788.12295053261732 779.69109009403019 771.49505005031460 763.61474643545807 756.10411075320371 748.99609972682720 742.30681793327585
657.57618096821898 661.09412061441253 664.90074410787383 669.02213368129014 673.48609681170819 678.32191988645718 683.55992724236967 689.23076234906330 695.36427399364038 701.98783887280661 709.12387260282776 716.78616398273152 724.97452083595999 733.66711186611428 742.81004362336171 752.30457019854657 761.99453098070444 771.66046065187038 781.03059980839316 789.81600637493830 797.75739104613240 804.64523317684143 810.29171320104797 814.50333148335994 817.11831826096204 818.07762947993251 817.42457822530378 815.20577199631225 811.39173047618715 805.93210469160840 798.89894349415772 790.56644114768642 781.34750116271789 771.66004890688600 761.83823980833949 752.11807397914345 742.65973388160364 733.57189419061069 724.92712937440137 716.77030473380455 709.12387260286414 701.99234712446923
615.59372736287878 619.11368835831126 622.93908668814765 627.10043890712950 631.63099102288834 636.56668060900847 641.94593931312920 647.80925517156356 654.19837875744633 661.15499936129709 668.71861376839661 676.92311810773390 685.79131746328130 695.32605608661106 705.49621406344522 716.21608701359582 727.31922427043173 738.53517296614882 749.49142003658562 759.77373993716901 769.04434933856101 777.10680514402702 783.79270548920977 788.81745960806074 791.87491120922277 792.89687120223971 792.10164102266936 789.67506680913903 785.48231388843124 779.21663715859358 770.82406110311604 760.73373720462587 749.65748680178876 738.23527481983183 726.88429814973006 715.84309104720796 705.25205787193954 695.20111998905850 685.74785091814920 676.92311810776755 668.73447301738270 661.17050687110532
573.33411216569948 576.82826454405222 580.64193306203560 584.80999714978680 589.37116994808275 594.36822457222843 599.84811889907360 605.86195158773262 612.46465492941570 619.71428788259800 627.67070752666768 636.39319294163579 645.93610811954932 656.34067117334780 667.61920331271176 679.72639678241103 692.51238639673466 705.66034699013835 718.63985024270005 730.77367335546296 741.54619709487451 750.91634533663455 758.94476945091083 765.14542932469703 768.72911238959205 769.52710087014020 768.34031222329031 765.87272230104645 761.69450766997943 754.72421522432342 744.49875740356583 731.86636073372028 718.27040647562353 704.70922931710356 691.60548525790909 679.11036047768357 667.29919348559542 656.22825207924780 645.93610811958388 636.43665948681519 627.71809898831634 619.74776387959264
530.78684882616290 534.22391734650955 537.99102425164165 542.12712606437526 546.67616906679723 551.68762608450197 557.21700980851529 563.32631486375249 570.08432811769671 577.56674303054024 585.85601578157730 595.04084500359750 605.21479191155959 616.47224653936428 628.89665244303978 642.52997850695465 657.30534604727654 672.92151592246955 688.65515134391171 703.24073187611793 715.48333814437137 725.93860408219189 735.85187360890632 744.20785345300465 748.58898369072631 748.12530132065149 745.61013523418478 743.65193796955100 740.81653153923253 733.76023792473643 720.68970954484030 703.84782186202756 686.74401437711640 670.68641791906884 655.70937816092828 641.69176218657867 628.60322687695407 616.47224653941521 605.32721100576146 595.16578110125556 585.95123345717457 577.62205817438098
487.94470086491492 491.29027462420709 494.97195183581971 499.03223545352193 503.51976272289903 508.49018485018496 514.00711691740071 520.14312812764183 526.98073597792973 534.61339921357285 543.14663638127604 552.69970209452003 563.40862471224682 575.43095707163593 588.94869237308012 604.15454835426499 621.18759128999227 639.96035434686200 659.76918361711432 678.42094215071120 691.46108163975805 700.92658778811892 714.05851150209492 727.47488131028877 734.15750128816580 728.74419408916037 721.39703682079562 722.01011836044017 724.39385388584014 719.69886457417306 700.88829894726223 675.52695431445136 653.99856410598295 635.58167354571287 618.87421632281530 603.35389197778932 588.94869237315106 575.72438263781805 563.72863453945229 552.94385828610484 543.29694612313597 534.68485766553113
444.80438217744813 448.02141601956828 451.57529294738924 455.51126815575844 459.88178765623343 464.74772601651784 470.17980352814266 476.26016631727180 483.08408537874129 490.76173310881131 499.42016171190699 509.20628694566767 520.29348002289044 532.89734707197204 547.30652726477274 563.91949832459795 583.23919191597088 605.74217557803058 631.52484762849781 659.32394235440370 676.57955172884613 669.80359916755697 691.68060223644352 717.38863027465777 734.27390596610712 711.24382862926359 686.69404981064326 698.54138342637452 714.99496247567367 721.98150796823029 687.94481270205506 641.65422127181046 618.33092097726876 598.92131207380771 580.92138572898966 563.91949832465980 548.10718364138393 533.73556339244078 520.90951632772749 509.57928291213466 499.60665793138151 490.82537947939454
401.36721465163646 404.41673117185837 407.79772935012807 411.55715623446122 415.75002999758181 420.44102894587377 425.70639070955076 431.63612892239325 438.33649980503105 445.93251352135121 454.57015786114425 464.41837105675222 475.67344658992806 488.57765629943606 503.48155943154416 520.97906939682434 542.05480110501230 568.07218985060899 600.63492293992749 641.98356897257327 625.99435773435471 619.82546411373914 626.73817523458274 637.32488039619057 642.62615162749717 636.63517987801060 629.28583778020220 630.42791204778587 633.95605020754738 631.24737364664816 615.76531084743692 597.53048739254518 579.70599940157445 561.11811011137706 542.05480110510507 523.29687558394744 505.79493439888165 490.17362418586345 476.58034772885185 464.85329717754803 454.72644903360833 445.93890856380176
357.63969679299680 360.48168420544607 363.64307462145371 367.17119871584146 371.12206454368061 375.56225741452909 380.57130635715657 386.24459298666989 392.69678376365118 400.06545984673721 408.51385023535113 418.23013219132554 429.41989875501895 442.29742830638133 457.13347049558070 474.53030071973626 495.95924877779908 523.90584873087937 561.37922113790410 561.41593743502744 557.55813893012237 555.85483863852278 558.41533930551304 562.62300198886442 564.77949498213275 563.35869671715591 560.87628813039919 559.89490811434371 559.13024313708956 555.64588558950345 548.54596940436113 541.89896097240671 541.83729009079070 523.90584873096941 502.91332851722200 481.35116422411647 461.51215129682623 444.53252630986435 430.37101642813195 418.53003033774485 408.51426198041372 399.94172730223363
