validation/inho_uf/modaem_psi.grd
DSAA
    51    51
  -100.00       100.00    
  -100.00       100.00    
  -1131.6       1131.6    
[rows 18 to 35 of 51, columns 0 to 41 of 51]
313.63393414833445 316.22841839834291 319.12312205447506 322.36424935278774 326.00691390750762 330.11725608602865 334.77518950193189 340.07798947438278 346.14494270603245 353.12305706538245 361.19277847535704 370.56900166337437 381.48205165132094 394.10127359210310 408.38006223010598 424.25098428422643 443.41032148564409 470.27047826500348 480.96375804678974 485.12153161493188 486.07420477022970 486.71467441460481 488.31926469724931 490.30966639691178 491.43270983493858 491.14875941519131 490.07003891056047 488.88589259829314 487.33025504790839 484.71300645789961 481.29230967782132 479.05979238385862 480.96375804686159 489.81240931233242 464.33924502421451 437.44491093568195 414.15068174140561 396.01241055895616 381.85149541849751 370.40293489825945 360.87587712114964 352.79365270510834
269.36788361215804 271.67613333625377 274.25821802660630 277.15758332703990 280.42635796145714 284.12752701253521 288.33784136696340 293.15183831224567 298.68759925856648 305.09522923595068 312.56922320034937 321.36412876092800 331.80077308563341 344.18832900669804 358.29049414515612 371.38305016323284 383.02036732019042 398.18736110411555 407.08826546159980 412.00202132625418 414.59288156412367 416.25174740936927 417.72356061701066 419.00648874996841 419.74492501755958 419.74515866168258 419.14802228895587 418.15550353352592 416.76391156781665 414.93290367972259 413.02367216157290 412.00202132631557 413.15000469285587 417.70433756695320 427.47344890046952 389.05277124593431 361.18448198151646 343.58123902088346 330.70808570744998 320.40413149358278 311.81878842767674 304.52313649075495
224.86537086841690 226.85117319419669 229.07746681496883 231.58329760498600 234.41567224507708 237.63157068647615 241.30066097036615 245.50914888164334 250.36565685290225 256.01111188034338 262.63718634034376 270.52373784708107 280.11832942603360 292.20377389916393 308.21877700201003 329.73918197816238 326.90915474217036 331.91362685376953 337.16551469216211 341.17540698626181 343.92453365908659 345.83414918790004 347.25423844011493 348.28595932367898 348.86751957900196 348.94882760793462 348.57072632679228 347.80893218212441 346.71153575881635 345.34983454279472 343.92453365914389 342.74461638891398 341.94740978467235 340.92579637970812 337.13820162922661 318.37391047134770 298.79155969460226 286.99740249881779 277.16576911738957 268.74402608259743 261.49563389240257 255.24039757678293
180.15585454133088 181.78678279745827 183.61849251703961 185.68411162171469 188.02354788193315 190.68512711788298 193.72771881051813 197.22361197336431 201.26275522810465 205.96001815105774 211.47034246212570 218.02676351279661 226.04883216633607 236.47827602178586 251.90106979987468 279.95153385687445 266.64587302885775 265.96118432147341 268.69585985283629 271.67234394170373 274.07454877383134 275.85647693518331 277.14358289587835 278.02102128249680 278.51039909651081 278.61784503735635 278.36818505704923 277.79955047579460 276.94893393072334 275.85647693522287 274.55886341903260 272.99118767143773 270.69752780961926 266.17013737055163 255.22396349597943 227.77362505617975 233.12879301383884 228.65664217925428 222.24096227871723 215.91693149832645 210.18347094746048 205.12184223086888
135.27393162460601 136.52251909858785 137.92672927899116 139.51249846939459 141.31101838061113 143.35987389125967 145.70434705064918 148.39879845171617 151.50790200137089 155.10733023030116 159.28359010699933 164.13487555827851 169.78663188045721 176.48156067014497 184.90020159268897 196.57389299327770 195.60013158842776 197.54403522003850 200.31111558043449 202.85006078184779 204.86413073341100 206.36184869777207 207.43012286081466 208.14228773146988 208.53977860497844 208.64641958589982 208.48354241936977 208.07268660872683 207.43012286083581 206.55649766297245 205.40683341477586 203.80970983112286 201.30012522984907 196.82913138852166 188.38225661546846 173.25953275398365 174.56485920891248 171.51690273977817 167.03689366143061 162.44526715913207 158.18357283192407 154.36738667075349
90.258602994644889 91.103344853849308 92.054277684257386 93.129195180968622 94.349433333879688 95.740519130223674 97.332730635047255 99.161195184184635 101.26454064400878 103.67952723186454 106.42487066442209 109.45603250370550 112.54191578694008 114.94100961385629 114.69415262730763 108.14061435518670 121.61928927159897 128.53460630721020 132.27363836850418 134.59683775757730 136.17971300381851 137.29240812266062 138.06657522187834 138.57537709088183 138.86004687047148 138.94476784951576 138.84602205565830 138.57537709089377 138.13617634468005 137.51387892941068 136.65674014544288 135.44782297406698 133.69741216715215 131.26270018175410 128.51625761999082 126.98786120336865 120.15891557714116 115.49692509732637 111.81462281063307 108.59842530269384 105.72243015154135 103.15977879564778
45.152339274756287 45.578466893997302 46.058430160429907 46.601271185021687 47.217802751462386 47.920880455667429 48.725538848937504 49.648653013687181 50.707208623059159 51.912654631194528 53.254137555410125 54.649103283783916 55.792946214838594 55.671081706052064 50.815316502150381 29.777411084229243 54.214013793927734 62.340969503384258 65.485904881352326 67.028705723645544 67.946741982359526 68.552804012286288 68.963246781754606 69.229892859152642 69.379181153105492 69.425929521535181 69.379181153114132 69.243917673993110 69.019482967402837 68.695018051774696 68.243535234617866 67.625608452303595 66.848575805771816 66.244176355165564 67.554327641239752 77.357267239636030 63.575780969536254 58.649930162652709 56.181746381208882 54.422373470396224 52.947877591112842 51.655141872352488
-2.1827872842550278E-011 -5.4569682106375694E-011 -3.5470293369144201E-011 -3.2741809263825417E-011 -1.3642420526593924E-011 -5.4569682106375694E-011 -4.3655745685100555E-011 -3.6379788070917130E-011 -2.9103830456733704E-011 -5.4569682106375694E-012 -4.0017766878008842E-011 -2.5465851649641991E-011 -8.0035533756017685E-011 -1.4551915228366852E-011 -2.9103830456733704E-011 -1.1641532182693481E-010 0.0000000000000000 -5.8207660913467407E-011 -5.0931703299283981E-011 -3.6379788070917130E-012 -2.9103830456733704E-011 5.4569682106375694E-012 4.0017766878008842E-011 9.0949470177292824E-012 1.2732925824820995E-011 -5.7298166211694479E-011 2.2737367544323206E-011 2.4556356947869062E-011 6.2755134422332048E-011 2.5465851649641991E-011 7.2759576141834259E-012 5.1386450650170445E-011 -1.6370904631912708E-011 -1.0004441719502211E-011 1.2732925824820995E-011 -1.6143530956469476E-011 -1.8189894035458565E-012 3.6607161746360362E-011 -1.9099388737231493E-011 4.7293724492192268E-011 2.8876456781290472E-011 3.2969182939268649E-011
-45.152339274820406 -45.578466894054145 -46.058430160452190 -46.601271185136284 -47.217802751494673 -47.920880455654697 -48.725538848948418 -49.648653013753574 -50.707208623154656 -51.912654631247278 -53.254137555453781 -54.649103283838485 -55.792946214940457 -55.671081706161203 -50.815316502208589 -29.777411084302003 -54.214013794000493 -62.340969503507949 -65.485904881468741 -67.028705723714666 -67.946741982421372 -68.552804012291745 -68.963246781808266 -69.229892859215397 -69.379181153133686 -69.425929521497892 -69.379181153120953 -69.243917674006298 -69.019482967387376 -68.695018051696024 -68.243535234578303 -67.625608452288361 -66.848575805772725 -66.244176355167838 -67.554327641234522 -77.357267239631256 -63.575780969506468 -58.649930162629971 -56.181746381167386 -54.422373470335060 -52.947877591032920 -51.655141872300419
-90.258602994665125 -91.103344853946510 -92.054277684277622 -93.129195181029900 -94.349433333913112 -95.740519130296889 -97.332730635125699 -99.161195184227836 -101.26454064411519 -103.67952723193594 -106.42487066452668 -109.45603250381828 -112.54191578698374 -114.94100961389631 -114.69415262744587 -108.14061435527401 -121.61928927164990 -128.53460630727932 -132.27363836848235 -134.59683775765734 -136.17971300388308 -137.29240812269927 -138.06657522188470 -138.57537709085227 -138.86004687051718 -138.94476784947983 -138.84602205568808 -138.57537709082953 -138.13617634461480 -137.51387892937510 -136.65674014540491 -135.44782297405982 -133.69741216703187 -131.26270018171408 -128.51625761991636 -126.98786120342038 -120.15891557715622 -115.49692509725492 -111.81462281056838 -108.59842530264859 -105.72243015149479 -103.15977879561592
-135.27393162463250 -136.52251909859842 -137.92672927905733 -139.51249846940118 -141.31101838070390 -143.35987389128422 -145.70434705078515 -148.39879845178439 -151.50790200140909 -155.10733023037756 -159.28359010709755 -164.13487555839674 -169.78663188050996 -176.48156067017408 -184.90020159281994 -196.57389299337956 -195.60013158855872 -197.54403522008215 -200.31111558053090 -202.85006078192237 -204.86413073348740 -206.36184869782664 -207.43012286083831 -208.14228773146897 -208.53977860499981 -208.64641958579705 -208.48354241935886 -208.07268660866976 -207.43012286079102 -206.55649766292663 -205.40683341473687 -203.80970983107272 -201.30012522978177 -196.82913138839649 -188.38225661543947 -173.25953275401116 -174.56485920891100 -171.51690273972963 -167.03689366136859 -162.44526715911252 -158.18357283186288 -154.36738667071768
-180.15585454134816 -181.78678279749874 -183.61849251707463 -185.68411162180200 -188.02354788203593 -190.68512711792027 -193.72771881052722 -197.22361197349164 -201.26275522815558 -205.96001815112322 -211.47034246223848 -218.02676351285481 -226.04883216641610 -236.47827602182952 -251.90106979996199 -279.95153385700542 -266.64587302895961 -265.96118432153162 -268.69585985285812 -271.67234394179832 -274.07454877388591 -275.85647693521969 -277.14358289590746 -278.02102128250408 -278.51039909647989 -278.61784503731360 -278.36818505699557 -277.79955047575277 -276.94893393068924 -275.85647693513602 -274.55886341894802 -272.99118767137497 -270.69752780947238 -266.17013737045181 -255.22396349593237 -227.77362505618021 -233.12879301380963 -228.65664217917629 -222.24096227862537 -215.91693149822277 -210.18347094739102 -205.12184223081840
-224.86537086841054 -226.85117319421443 -229.07746681502977 -231.58329760505330 -234.41567224514620 -237.63157068650435 -241.30066097037161 -245.50914888166517 -250.36565685294772 -256.01111188041614 -262.63718634042380 -270.52373784705196 -280.11832942611363 -292.20377389926580 -308.21877700211189 -329.73918197845342 -326.90915474230133 -331.91362685387139 -337.16551469224214 -341.17540698627636 -343.92453365911570 -345.83414918793642 -347.25423844017496 -348.28595932371172 -348.86751957903653 -348.94882760795917 -348.57072632679956 -347.80893218210076 -346.71153575877179 -345.34983454270514 -343.92453365901929 -342.74461638875982 -341.94740978461232 -340.92579637956169 -337.13820162911088 -318.37391047109486 -298.79155969457133 -286.99740249873139 -277.16576911733273 -268.74402608241508 -261.49563389235982 -255.24039757672836
-269.36788361219624 -271.67613333628469 -274.25821802667269 -277.15758332707446 -280.42635796153809 -284.12752701263162 -288.33784136700706 -293.15183831228569 -298.68759925860650 -305.09522923606710 -312.56922320042941 -321.36412876097893 -331.80077308571344 -344.18832900678535 -358.29049414525070 -371.38305016332015 -383.02036732037232 -398.18736110426107 -407.08826546173805 -412.00202132637787 -414.59288156412367 -416.25174740945658 -417.72356061707978 -419.00648875003753 -419.74492501759232 -419.74515866163347 -419.14802228894951 -418.15550353352774 -416.76391156774844 -414.93290367967347 -413.02367216142193 -412.00202132623508 -413.15000469273127 -417.70433756681632 -427.47344890028216 -389.05277124576969 -361.18448198140686 -343.58123902076113 -330.70808570736972 -320.40413149348615 -311.81878842761171 -304.52313649070493
-313.63393414839447 -316.22841839834837 -319.12312205449780 -322.36424935276045 -326.00691390749671 -330.11725608609959 -334.77518950196827 -340.07798947441552 -346.14494270606156 -353.12305706540792 -361.19277847546618 -370.56900166349442 -381.48205165140826 -394.10127359214312 -408.38006223025877 -424.25098428436468 -443.41032148576778 -470.27047826504349 -480.96375804680429 -485.12153161505194 -486.07420477032429 -486.71467441459390 -488.31926469728569 -490.30966639685721 -491.43270983501134 -491.14875941521859 -490.07003891061140 -488.88589259817127 -487.33025504782563 -484.71300645776137 -481.29230967770491 -479.05979238375403 -480.96375804662421 -489.81240931209777 -464.33924502403534 -437.44491093556371 -414.15068174129283 -396.01241055886021 -381.85149541840019 -370.40293489822034 -360.87587712108370 -352.79365270504650
-357.63969679303409 -360.48168420545881 -363.64307462151555 -367.17119871590694 -371.12206454370062 -375.56225741459275 -380.57130635726207 -386.24459298670263 -392.69678376370939 -400.06545984680633 -408.51385023547846 -418.23013219146378 -429.41989875504441 -442.29742830642499 -457.13347049563163 -474.53030071984540 -495.95924877792277 -523.90584873090847 -561.37922113792956 -561.41593743515841 -557.55813893019149 -555.85483863856280 -558.41533930551304 -562.62300198888988 -564.77949498219095 -563.35869671724140 -560.87628813040465 -559.89490811430005 -559.13024313695860 -555.64588558937066 -548.54596940422198 -541.89896097225937 -541.83729009054787 -523.90584873074476 -502.91332851709376 -481.35116422401643 -461.51215129668253 -444.53252630973930 -430.37101642800189 -418.53003033768437 -408.51426198038189 -399.94172730216360
-401.36721465169285 -404.41673117189021 -407.79772935019537 -411.55715623451215 -415.75002999766184 -420.44102894594653 -425.70639070957805 -431.63612892245146 -438.33649980509654 -445.93251352138032 -454.57015786123884 -464.41837105679951 -475.67344659000810 -488.57765629949063 -503.48155943164602 -520.97906939687891 -542.05480110511417 -568.07218985073632 -600.63492294000025 -641.98356897270787 -625.99435773445657 -619.82546411381190 -626.73817523464095 -637.32488039620512 -642.62615162755355 -636.63517987797059 -629.28583778019129 -630.42791204772038 -633.95605020751282 -631.24737364655630 -615.76531084730050 -597.53048739236692 -579.70599940139346 -561.11811011123973 -542.05480110497592 -523.29687558379646 -505.79493439878024 -490.17362418577159 -476.58034772878455 -464.85329717746754 -454.72644903356013 -445.93890856368307
-444.80438217751362 -448.02141601960466 -451.57529294744745 -455.51126815585303 -459.88178765621160 -464.74772601653422 -470.17980352820996 -476.26016631736638 -483.08408537881041 -490.76173310887316 -499.42016171196155 -509.20628694572224 -520.29348002290499 -532.89734707207026 -547.30652726485278 -563.91949832467071 -583.23919191605091 -605.74217557813608 -631.52484762858512 -659.32394235443644 -676.57955172922811 -669.80359916769885 -691.68060223651992 -717.38863027469415 -734.27390596610530 -711.24382862947823 -686.69404981066509 -698.54138342637088 -714.99496247559728 -721.98150796808113 -687.94481270198594 -641.65422127164311 -618.33092097708868 -598.92131207369039 -580.92138572882959 -563.91949832453156 -548.10718364124477 -533.73556339235347 -520.90951632757242 -509.57928291203007 -499.60665793129374 -490.82537947934634
