validation/inho_uf/modaem_head.grd
DSAA
    51    51
  -100.00       100.00    
  -100.00       100.00    
   23.946       480.63    
[rows 0 to 18 of 51, columns 0 to 42 of 51]
100.76062123802078 100.72066136166580 100.68081928248965 100.64110934278004 100.60154689689513 100.56214822819346 100.52293041180614 100.48391111142560 100.44510829823790 100.40653988130765 100.36822324166492 100.33017466756613 100.29240869625386 100.25493737798976 100.21776949048365 100.18090974458380 100.14435803294006 100.10810877968100 100.07215044878981 100.03646526100819 100.00102915480932 99.965812008931522 99.930778125389907 99.895886955439323 99.861094038162435 99.826352112735947 99.791612360714453 99.756825732475960 99.721944309591635 99.686922649395072 99.651719048842409 99.616296655606618 99.580624352343364 99.544677351601891 99.508437465129106 99.471893046888624 99.435038644545799 99.397874420657942 99.360405417772554 99.322640741439642 99.284592725481872 99.246276129415421 99.207707402574229
100.75793930597200 100.71786595148583 100.67791072843114 100.63808934997519 100.59841882840730 100.55891742143184 100.51960451890896 100.48050045411838 100.44162622246904 100.40300309076630 100.36465208250435 100.32659333010915 100.28884529447342 100.25142386589813 100.21434137814379 100.17760558674109 100.14121868048619 100.10517640659879 100.06946739120023 100.03407272570222 99.998965868150265 99.964112881514225 99.929473004270122 99.894999526565414 99.860640929419574 99.826342235062754 99.792046513695581 99.757696494170787 99.723236228114772 99.688612751092208 99.653777666619263 99.618688555379222 99.583310098443661 99.547614814924145 99.511583355152680 99.475204349220277 99.438473868241473 99.401394595394578 99.363974818720365 99.326227350895095 99.288168461160382 99.249816879981523 99.211192913849530
100.75515386263436 100.71495262868616 100.67486854754701 100.63491870949596 100.59512183611000 100.55549827002541 100.51606990168513 100.47686001237273 100.43789300994369 100.39919403202786 100.36078839227152 100.32270084997418 100.28495469396130 100.24757064908719 100.21056563851371 100.17395146467240 100.13773350131657 100.10190951035374 100.06646870198652 100.03139114059674 99.996647564592578 99.962199645963722 99.928000676211568 99.893996636338642 99.860127589681397 99.826329326000092 99.792535185284507 99.758678001730075 99.724692123701033 99.690515464431826 99.656091505485151 99.621371119845435 99.586314038984966 99.550889795419025 99.515078039639633 99.478868233517701 99.442258819869323 99.405256027599037 99.367872484775916 99.330125789310728 99.292037147309841 99.253630148341472 99.214929713178933
100.75226701625169 100.71192241992114 100.67169239670925 100.63159537626149 100.59165179678945 100.55188415565273 100.51231699687929 100.47297680975467 100.43389180719755 100.39509154798564 100.35660636455221 100.31846656038509 100.28070135110792 100.24333754432668 100.20639798726798 100.16989985663636 100.13385291468570 100.09825789548748 100.06310519905171 100.02837404704970 99.994032196152460 99.960036234098013 99.926332425013015 99.892858035708230 99.859543055432411 99.826312207575640 99.793087151049505 99.759788798909568 99.726339733340140 99.692666719266228 99.658703262389480 99.624392030974633 99.589686846398678 99.554553938211683 99.518972281467086 99.482933028225872 99.446438217612723 99.409499036573081 99.372133900867922 99.334366566595804 99.296224407112135 99.257736924995058 99.218934522828278
100.74928241058731 100.70877795800824 100.66838357902475 100.62811894696776 100.58800616268759 100.54806988644124 100.50833741202042 100.46883865228830 100.42960599649525 100.39067399056260 100.35207878368161 100.31385728125179 100.27604595033762 100.23867924591082 100.20178767031726 100.16539554654939 100.12951866982837 100.09416207893302 100.05931822435977 100.02496577549117 99.991069204827056 99.957579158702274 99.924433532968592 99.891559143288518 99.858873875072945 99.826289171012306 99.793712687591054 99.761051004689421 99.728212418059130 99.695109955901870 99.661664673786788 99.627808989851758 99.593489527755338 99.558668879539297 99.523325946730523 99.487454909600515 99.451063189338228 99.414168885344054 99.376798111649293 99.338982516639390 99.300757132408719 99.262158602685560 99.223223783119835
100.74620548989347 100.70552379980955 100.66494541992957 100.62449109803131 100.58418446189098 100.54405225543074 100.50412453007988 100.46443475679798 100.42501981132575 100.38591976987790 100.34717743605394 100.30883750578680 100.27094527269672 100.23354479256649 100.19667647712937 100.16037418548129 100.12466202278500 100.08955120690969 100.05503745548774 100.02109930168967 99.987697547406370 99.954775802736791 99.922261906882184 99.890070051150715 99.858103498914716 99.826257732827912 99.794423702955598 99.762490893526845 99.730350313342612 99.697897919590474 99.665038885997689 99.631692429968936 99.597796153266430 99.563308680436137 99.528209937320369 99.492499255833621 99.456192074758903 99.419316116571466 99.381907696923236 99.344008514049108 99.305663029030143 99.266916420649395 99.227813050044347
100.74304377696620 100.70216676872383 100.66138368338142 100.62071608388850 100.58018888480534 100.53983071667669 100.49967426871484 100.45975657430094 100.42011918671767 100.38080816979151 100.34187379975062 100.30336984317756 100.26535224944003 100.22787709137133 100.19099763315107 100.15476053293720 100.11920141866501 100.08434037327928 100.05017810273897 100.01669353887215 99.983843233004876 99.951562306373589 99.919766406332343 99.888354355925884 99.857211588502466 99.826214318894472 99.795233739582358 99.764139350319439 99.732801538221764 99.701094876260910 99.668903635291514 99.636129264904838 99.602697588590573 99.568563025318923 99.533708563934169 99.498142143566398 99.461891154965429 99.424996689353151 99.387508489737456 99.349480919032587 99.310969900681670 99.272030671100069 99.232716185346646
100.73980715499322 100.69871631237895 100.65770701950382 100.61680128920884 100.57602495471427 100.53540818472065 100.49498601211756 100.45479884458965 100.41489290514785 100.37532052076051 100.33614013484781 100.29741586316744 100.25921634760890 100.22161260833380 100.18467459670126 100.14846628471057 100.11303947418284 100.07842708257175 100.04463726801238 100.01164992004665 99.979416277403644 99.947860956941781 99.916884799522393 99.886367838712076 99.856173373248396 99.826153962144630 99.796157714831153 99.766031855670889 99.735623162420296 99.704779280610154 99.673355667581973 99.641228300757490 99.608306777788016 99.574541477730818 99.539922394501303 99.504471860050757 99.468235124207197 99.431271738668244 99.393648891273216 99.355436639194863 99.316704588852929 99.277519607723619 99.237944296490184
100.73650814025605 100.69518486130814 100.65392742884907 100.61275782086592 100.57170227122549 100.53079195297492 100.49006372367700 100.44956091150694 100.40933410027706 100.36944183783808 100.32995113782835 100.29093756007327 100.25248453369700 100.21468143965807 100.17761985027023 100.14138736574210 100.10605891466840 100.07168640772714 100.03828911854575 100.00584814166497 99.974307045287901 99.943576946062961 99.913541137266293 99.884057017011855 99.854959453289425 99.826070409647940 99.797211209123475 99.768207154907770 99.738881083131091 99.709046820412865 99.678517246916527 99.647128547743762 99.614766524323187 99.581379155034071 99.546971463317817 99.511590101455340 99.475306961546764 99.438206688389386 99.400378594531531 99.361911680522951 99.322891480421191 99.283397994385396 99.243504384721092
100.73316212885010 100.69158816896083 100.65006072102821 100.60860111559479 100.56723530253645 100.52599471058159 100.48491722924925 100.44404831015244 100.40344216867790 100.36316303711244 100.32328636385343 100.28389974875662 100.24510322128384 100.20700817983936 100.16973394101224 100.13340056359473 100.09811685335310 100.06396395709766 100.03097825731668 99.999141100671380 99.968382298009530 99.938594298103013 99.909641802064499 99.881357365687577 99.853537159611477 99.825958079827302 99.798409174823135 99.770702481327433 99.742646489048738 99.714013491021944 99.684546680418308 99.654013039239217 99.622261413752327 99.589244090452624 99.554998276959836 99.519612116503509 99.483196625296159 99.445869359347043 99.407746512079797 99.368939065184520 99.329550501186432 99.289675236530385 99.249397663545579
100.72978759681121 100.68794560780623 100.64612693732671 100.60435152765103 100.56264418615322 100.52103561498903 100.47956363152579 100.43827460166852 100.39722510297307 100.35648382014449 100.31613363854355 100.27627380923057 100.23702184646444 100.19851438162696 100.16090543439141 100.12435952770055 100.08903633230273 100.05506470025300 100.02250987956363 99.991349627458021 99.961482676432283 99.932770847368459 99.905067565800323 99.878189673457712 99.851876444195810 99.825820768191747 99.799764604463860 99.773539711375690 99.746982482997268 99.719817798584984 99.691657857951185 99.662134030303719 99.631036537570225 99.598345743805126 99.564168880822834 99.528664318938795 99.491997736274442 99.454326708095294 99.415797762541700 99.376546039262948 99.336694533958635 99.296353044895355 99.255617515276512
100.72640622990397 100.68428039123013 100.64215069902968 100.60003484868919 100.55795547936899 100.51594135000886 100.47402877552705 100.43226337398291 100.39070218523752 100.34941623495041 100.30849363002605 100.26804325554021 100.22819900990703 100.18912405452512 100.15101339968548 100.11409089905665 100.07859346975586 100.04473306025791 100.01263248458038 99.982259021064252 99.953428729737695 99.925933430790110 99.899652405912022 99.874447014497179 99.849968136460916 99.825703573724752 99.801290701260911 99.776686656892181 99.751902549675776 99.726620404580274 99.700163327353721 99.671863367309058 99.641426117976636 99.608940835345834 99.574667580706006 99.538876892382092 99.501801415299923 99.463640101268012 99.424569776227145 99.384750582340445 99.344326218467529 99.303422578990748 99.262147055358739
100.72304295744598 100.68061968730630 100.63816143684510 100.59568270147751 100.55320278336332 100.51074707042207 100.46834863793335 100.42605024969366 100.38390685873446 100.34198875054365 100.30038555428979 100.25921148535542 100.21861232910729 100.17877457209784 100.13993601910468 100.10239388480281 100.06649910783941 100.03261382166933 100.00099812946432 99.971620638625751 99.944063003414939 99.917882520378384 99.893117946887088 99.869940338540218 99.847874697205754 99.825804845544909 99.803020746475440 99.779946281529206 99.757247077179628 99.734599522557914 99.710587595615436 99.683800591744188 99.653889010596515 99.621322067483888 99.586676140422639 99.550368606020655 99.512687474614495 99.473859875145450 99.434087952979183 99.393557300778767 99.352434054716355 99.310860982820017 99.268956269494083
100.71972586452866 100.67699458927008 100.63419345351660 100.59133274241357 100.54842715241672 100.50549711145234 100.46257047016871 100.41968466012273 100.37688944012615 100.33425040364385 100.29185354923119 100.24981152982875 100.20827283748007 100.16743610939604 100.12757212188602 100.08905337119394 100.05238109914674 100.01817592372954 99.987045582179903 99.959144587070170 99.933438559018143 99.908452625462886 99.884861469856219 99.864176792297997 99.845856293080487 99.826880014607752 99.805085541007628 99.782627188683009 99.762318316099453 99.743939320449812 99.724021118306851 99.699007281353019 99.669005635582579 99.635748566772065 99.600324734520484 99.563224955710908 99.524716616467586 99.485021487707286 99.444361609763263 99.402952625964389 99.360987540491081 99.318627135542570 99.275998687921302
100.71648595935999 100.67343990941878 100.63028577269475 100.58702860726449 100.54367719669972 100.50024533349610 100.45675350510986 100.41323109147676 100.36971919531928 100.32627424072257 100.28297254424142 100.23991638230962 100.19724314927764 100.15514182301860 100.11388523151460 100.07388915354952 100.03580183549889 100.00060370242944 99.969643487475651 99.944245308045893 99.922701401181257 99.897764152615878 99.873281912134260 99.855536948873933 99.844506908512002 99.831932726271930 99.807797726339743 99.782566379349731 99.764838186320972 99.754672505719924 99.743527524548966 99.719374924070436 99.687202146010392 99.652244723642838 99.615618740445697 99.577485741515630 99.537933860785273 99.497146915334966 99.455380344441551 99.412898432675789 99.369930626424406 99.326656325585844 99.283207616497734
100.71335677752400 100.66999376864565 100.62648173295737 100.58281954097541 100.53900879530185 100.49505498526203 100.45096905794661 100.40676953304605 100.36248528723604 100.31815907282004 100.27385167836873 100.22964648598347 100.18565475551195 100.14202565949888 100.09897609419164 100.05687264697195 100.01640128540402 99.978832716549292 99.946420761693247 99.923389624970582 100.06266817620559 100.05853066711809 100.04818032955683 100.03347014657678 100.01469349296940 99.991972092986529 99.984551576525291 99.973238304561448 99.958090694959907 99.939181174850248 23.957860711790325 99.745969029854621 99.707626878857539 99.670307251558725 99.632421521000708 99.593185667158792 99.552398800873505 99.510252667405950 99.467107735311529 99.423321305455289 99.379172168270628 99.334853607278220 99.290492179961447
100.71037381285588 100.66669696301618 100.62282829637968 100.57875966471802 100.53448435281958 100.48999799755275 100.44529991333923 100.40039498906653 100.35529634365713 100.31002884390861 100.26463317613586 100.21916900232688 100.17371362260869 100.12835227472220 100.08317130319786 100.03831913485773 99.994252327813200 99.952177255112062 99.914554391772569 100.08405863341910 100.06920903418529 100.05722839104104 100.04474986397508 100.03036813839974 100.01431800480218 99.998413645434070 99.984773825964467 99.971404201756982 99.956688854035264 99.940751386835629 99.925543404208128 99.913900777757632 99.727244912762814 99.689058970503183 99.650672838931172 99.610503671547022 99.568249272746726 99.524353558945080 99.479461625653371 99.434092048135028 99.388572036989729 99.343086286404358 99.297734034329096
100.70757377537434 100.66359210175634 100.61937505596875 100.57490684964864 100.53017155093403 100.48515364656674 100.43983895488313 100.39421610358751 100.34827890486049 100.30203005870999 100.25548639535216 100.20868423248868 100.16167724182792 100.11450324147663 100.06708201297856 100.01910535358439 99.970317646220067 99.921376635158666 100.10197883123053 100.08566293142361 100.07079316180926 100.05706110420920 100.04342207584875 100.02915413556067 100.01429889730581 99.999497313057688 99.985240047501591 99.971159277590260 99.956761257996021 99.942170751968860 99.928174251861407 99.915515886392498 99.903971976806133 99.708321254147805 99.670918579395220 99.630034614523652 99.585766413093751 99.539421249025040 99.492258647325315 99.444989663115095 99.397924048706017 99.351177988840305 99.304786657900735
100.70499369016936 100.66072252801065 100.61617294629657 100.57132118739780 100.52614156156015 100.48060652688122 100.43468698292786 100.38835299855656 100.34157544082963 100.29432947063685 100.24660172703589 100.19840374492072 100.14979055326158 100.10085397658057 100.05152944720122 100.00086996133130 99.946802811199930 100.11620962718615 100.10083894305257 100.08568025391519 100.07105558130669 100.05689876119169 100.04285938087382 100.02864215331884 100.01422564432600 99.999805261709582 99.985533939446213 99.971352004774758 99.957153653882372 99.943021801352444 99.929223982556309 99.915936969117809 99.902961516743687 99.889741180850493 99.694996493335481 99.653177679219567 99.605316186284881 99.555197241181943 99.505096586799297 99.455654857636347 99.406944690098015 99.358910200432192 99.311480202039334
