validation/inho_uf/modaem_head.grd
DSAA
    51    51
  -100.00       100.00    
  -100.00       100.00    
   23.946       480.63    
[rows 19 to 37 of 51, columns 0 to 42 of 51]
100.70266986685192 100.65813105503636 100.61327268902448 100.56806307796900 100.52246671031746 100.47644375530430 100.42994953692448 100.38293408583756 100.33534212444901 100.28711457537634 100.23819475998391 100.18854805098395 100.13821758918853 100.08746380256419 100.03696950403923 99.986397245669167 100.12642898488266 100.11348879683290 100.09944717728571 100.08509085023194 100.07079278208805 100.05663419623863 100.04252839896458 100.02837239335288 100.01414778927469 99.999914259195563 99.985729913050918 99.971600633489274 99.957519199769010 99.943525608403931 99.929687185659887 99.915982932916904 99.902170045747269 99.887690020983186 99.871530426294015 99.682961409156121 99.626650728077138 99.570688065859088 99.517203641181453 99.465574337389427 99.415288897777813 99.366039564534304 99.317634564959761
100.70063678579275 100.65585857534327 100.61072304155296 100.56519100634684 100.51921763772761 100.47275135581332 100.42573240513482 100.37809094335155 100.32974448292636 100.28059475841758 100.23052545633935 100.17940808651369 100.12714641974576 100.07388501457213 100.02100632242663 100.13099791824726 100.12398745989080 100.11177031411471 100.09830391968316 100.08439411414669 100.07036093327271 100.05631581807555 100.04226521271852 100.02818670417480 100.01407764628792 99.999961898688525 99.985867931437951 99.971812055978035 99.957804696992824 99.943860017107852 99.929977097483544 99.916085853601231 99.901975644179814 99.887197099555934 99.870764978502592 23.946185264208367 99.645222603303679 99.583574662752909 99.527504179284676 99.474183970577783 99.422615078044188 99.372334220010302 99.323079809278113
100.69892596214341 100.65394262496504 100.60856895941383 100.56275915250313 100.51646012906271 100.46960996250137 100.42213569738583 100.37395016641635 100.32494695319386 100.27499173837278 100.22390641539533 100.17143906388966 100.11720879351053 100.06061244737350 100.00060035975791 100.13824898793726 100.12442965406885 100.11109792075668 100.09754068646517 100.08378863481666 100.06992376696877 100.05599887227088 100.04203457006281 100.02803691313845 100.01401472952527 99.999984837127272 99.985966714367180 99.971976542408029 99.958026157055073 99.944121523400938 99.930252068214642 99.916371169825936 99.902379876078925 99.888133935421394 99.873550123807789 479.29731427015508 99.651836298577990 99.591779498539282 99.535273249425842 99.481114771480804 99.428682230558152 99.377616050752209 99.327676813282039
100.69756485750302 100.65241600214172 100.60684981820251 100.56081505539035 100.51425195139328 100.46709034649827 100.41924713921517 100.37062260577345 100.32109449585373 100.27050721148694 100.21864896994111 100.16519736150762 100.10957772992735 100.05057759622109 99.985319687754867 100.14097641971200 100.12493809425841 100.11070423191931 100.09697378350776 100.08328979191811 100.06954072286261 100.05571895279004 100.04183816155104 100.02791332426861 100.01395995404039 99.999995247552633 99.986036814124702 99.972100574519374 99.958199425263899 99.944341774327839 99.930529186848702 99.916757806815482 99.903039251248416 99.889479101925431 99.876500623751895 479.32647302402347 99.652800410700451 99.596602189734611 99.540787294139392 99.486357594080232 99.433401078856491 99.381781079626336 99.331327724543712
100.69657590822706 100.65130554042256 100.60559784859619 100.55939758382527 100.51264014666697 100.46524961766744 100.41713627145232 100.36819334714274 100.31829258183173 100.26727720694871 100.21494849191511 100.16103306074722 100.10508722815264 100.04618545638364 99.981895722178436 100.13950205619506 100.12388330650185 100.10994427734784 100.09640916189917 100.08286935834433 100.06923244748826 100.05549784657804 100.04168589726062 100.02781864563656 100.01391660329824 99.999999063887543 99.986084217623116 99.972188821185014 99.958328001527363 99.944515608968459 99.930766312664559 99.917103668497830 99.903584996194411 99.890369135803084 99.877889033654853 479.33603197471570 99.656207606045243 99.600618524597422 99.544799391916811 99.490100610642202 99.436780892918350 99.384782640066348 99.333971590087899
100.69597572766008 100.65063111627589 100.60483690408186 100.55853541191867 100.51165915239704 100.46412889804343 100.41585145867126 100.36671732472728 100.31659870337820 100.26534944511272 100.21281092050410 100.15883472819777 100.10335079009781 100.04654378813733 99.989074473416423 100.13380930909653 100.12143098549187 100.10891444735958 100.09589195072736 100.08255780188308 100.06902419082307 100.05535401960873 100.04158861760325 100.02775857646641 100.01388858060720 99.999999941527875 99.986111887078678 99.972242244454932 99.958408150561837 99.944627424283695 99.930921386902810 99.917319900442521 99.903867633044854 99.890624497447831 99.877660845274789 479.32717880199073 99.663230161435322 99.604398045950830 99.547544653583444 99.492424109524080 99.438830128155573 99.386596889321908 99.335571959034738
100.69577452045259 100.65040493649589 100.60458161361343 100.55824605934218 100.51132983111154 100.46375263668646 100.41542025136685 100.36622259327116 100.31603298984814 100.26471158049345 100.21212126314292 100.15818099942553 100.10303429555366 100.04760585127065 99.995794293629999 100.12388026941304 100.11975245581243 100.10838639009300 100.09566922745772 100.08243847865674 100.06894931474169 100.05530376310817 100.04155504665256 100.02773793404005 100.01387887087552 100.00000000000001 99.986121012180277 99.972260193735025 99.958435448452704 99.944665911146387 99.930974482635378 99.917390039734400 99.903941295961459 99.890608236022359 99.877074835055708 23.950230081204758 99.668071158913833 99.606154177944944 99.548575395536119 99.493226148023950 99.439520273240618 99.387204579161207 99.336107829447784
100.69597572766010 100.65063111627590 100.60483690408186 100.55853541191865 100.51165915239707 100.46412889804343 100.41585145867127 100.36671732472728 100.31659870337819 100.26534944511273 100.21281092050413 100.15883472819779 100.10335079009779 100.04654378813733 99.989074473416466 100.13380930909653 100.12143098549186 100.10891444735960 100.09589195072735 100.08255780188307 100.06902419082306 100.05535401960871 100.04158861760325 100.02775857646641 100.01388858060719 99.999999941527889 99.986111887078692 99.972242244454932 99.958408150561851 99.944627424283681 99.930921386902796 99.917319900442536 99.903867633044868 99.890624497447831 99.877660845274804 479.32717880199061 99.663230161435308 99.604398045950816 99.547544653583415 99.492424109524052 99.438830128155573 99.386596889321893 99.335571959034752
100.69657590822705 100.65130554042257 100.60559784859619 100.55939758382529 100.51264014666698 100.46524961766741 100.41713627145234 100.36819334714272 100.31829258183176 100.26727720694871 100.21494849191511 100.16103306074722 100.10508722815264 100.04618545638364 99.981895722178407 100.13950205619506 100.12388330650187 100.10994427734784 100.09640916189917 100.08286935834435 100.06923244748826 100.05549784657802 100.04168589726062 100.02781864563656 100.01391660329823 99.999999063887529 99.986084217623102 99.972188821185000 99.958328001527349 99.944515608968473 99.930766312664545 99.917103668497816 99.903584996194411 99.890369135803084 99.877889033654867 479.33603197471581 99.656207606045214 99.600618524597408 99.544799391916811 99.490100610642202 99.436780892918335 99.384782640066362 99.333971590087899
100.69756485750305 100.65241600214169 100.60684981820251 100.56081505539036 100.51425195139329 100.46709034649830 100.41924713921520 100.37062260577345 100.32109449585373 100.27050721148697 100.21864896994113 100.16519736150764 100.10957772992735 100.05057759622112 99.985319687754824 100.14097641971202 100.12493809425841 100.11070423191931 100.09697378350776 100.08328979191811 100.06954072286261 100.05571895279003 100.04183816155104 100.02791332426862 100.01395995404039 99.999995247552619 99.986036814124716 99.972100574519345 99.958199425263885 99.944341774327839 99.930529186848716 99.916757806815482 99.903039251248458 99.889479101925431 99.876500623751937 479.32647302402353 99.652800410700436 99.596602189734583 99.540787294139378 99.486357594080218 99.433401078856477 99.381781079626322 99.331327724543726
100.69892596214341 100.65394262496507 100.60856895941386 100.56275915250313 100.51646012906275 100.46960996250137 100.42213569738585 100.37395016641635 100.32494695319387 100.27499173837279 100.22390641539533 100.17143906388968 100.11720879351057 100.06061244737350 100.00060035975791 100.13824898793726 100.12442965406885 100.11109792075666 100.09754068646517 100.08378863481666 100.06992376696874 100.05599887227088 100.04203457006281 100.02803691313845 100.01401472952527 99.999984837127258 99.985966714367166 99.971976542408044 99.958026157055059 99.944121523400938 99.930252068214656 99.916371169825922 99.902379876078939 99.888133935421379 99.873550123807789 479.29731427015520 99.651836298577933 99.591779498539239 99.535273249425842 99.481114771480790 99.428682230558110 99.377616050752209 99.327676813282025
100.70063678579277 100.65585857534329 100.61072304155296 100.56519100634684 100.51921763772762 100.47275135581330 100.42573240513482 100.37809094335157 100.32974448292637 100.28059475841758 100.23052545633938 100.17940808651369 100.12714641974574 100.07388501457216 100.02100632242666 100.13099791824727 100.12398745989078 100.11177031411472 100.09830391968318 100.08439411414669 100.07036093327271 100.05631581807556 100.04226521271850 100.02818670417477 100.01407764628789 99.999961898688511 99.985867931437937 99.971812055978035 99.957804696992810 99.943860017107838 99.929977097483516 99.916085853601217 99.901975644179814 99.887197099555920 99.870764978502621 23.946185264208353 99.645222603303651 99.583574662752881 99.527504179284676 99.474183970577769 99.422615078044160 99.372334220010330 99.323079809278127
100.70266986685193 100.65813105503638 100.61327268902450 100.56806307796901 100.52246671031747 100.47644375530430 100.42994953692448 100.38293408583756 100.33534212444903 100.28711457537636 100.23819475998397 100.18854805098400 100.13821758918854 100.08746380256422 100.03696950403926 99.986397245669167 480.63214492441330 100.11348879683290 100.09944717728571 100.08509085023192 100.07079278208803 100.05663419623863 100.04252839896455 100.02837239335288 100.01414778927467 99.999914259195535 99.985729913050889 99.971600633489260 99.957519199768996 99.943525608403917 99.929687185659887 99.915982932916862 99.902170045747269 99.887690020983186 479.35765213147022 99.682961409156079 99.626650728077124 99.570688065859059 99.517203641181439 99.465574337389413 99.415288897777785 99.366039564534276 99.317634564959747
100.70499369016937 100.66072252801068 100.61617294629657 100.57132118739783 100.52614156156017 100.48060652688123 100.43468698292787 100.38835299855657 100.34157544082964 100.29432947063685 100.24660172703594 100.19840374492077 100.14979055326158 100.10085397658059 100.05152944720125 100.00086996133135 99.946802811200016 480.58104813593059 100.10083894305255 100.08568025391516 100.07105558130668 100.05689876119168 100.04285938087382 100.02864215331881 100.01422564432596 99.999805261709582 99.985533939446199 99.971352004774744 99.957153653882358 99.943021801352401 99.929223982556309 99.915936969117823 99.902961516743687 479.44870590425239 99.694996493335466 99.653177679219567 99.605316186284881 99.555197241181929 99.505096586799340 99.455654857636333 99.406944690097987 99.358910200432192 99.311480202039363
100.70757377537436 100.66359210175634 100.61937505596876 100.57490684964866 100.53017155093406 100.48515364656674 100.43983895488316 100.39421610358751 100.34827890486052 100.30203005871003 100.25548639535219 100.20868423248871 100.16167724182799 100.11450324147665 100.06708201297863 100.01910535358445 99.970317646220138 99.921376635158694 480.50989415615243 100.08566293142358 100.07079316180923 100.05706110420917 100.04342207584871 100.02915413556066 100.01429889730579 99.999497313057674 99.985240047501577 99.971159277590218 99.956761257996007 99.942170751968845 99.928174251861378 99.915515886392484 479.51985988403061 99.708321254147776 99.670918579395220 99.630034614523638 99.585766413093751 99.539421249025054 99.492258647325301 99.444989663115109 99.397924048706003 99.351177988840291 99.304786657900721
100.71037381285589 100.66669696301618 100.62282829637971 100.57875966471804 100.53448435281960 100.48999799755276 100.44529991333924 100.40039498906654 100.35529634365716 100.31002884390863 100.26463317613589 100.21916900232689 100.17371362260874 100.12835227472223 100.08317130319791 100.03831913485780 99.994252327813285 99.952177255112147 99.914554391772612 480.42029316709534 100.06920903418528 100.05722839104101 100.04474986397507 100.03036813839974 100.01431800480215 99.998413645434042 99.984773825964453 99.971404201756954 99.956688854035235 99.940751386835586 99.925543404208071 479.56950388878812 99.727244912762870 99.689058970503268 99.650672838931186 99.610503671547036 99.568249272746755 99.524353558945066 99.479461625653357 99.434092048135028 99.388572036989729 99.343086286404372 99.297734034329110
100.71335677752403 100.66999376864567 100.62648173295739 100.58281954097542 100.53900879530188 100.49505498526204 100.45096905794664 100.40676953304607 100.36248528723608 100.31815907282007 100.27385167836879 100.22964648598352 100.18565475551202 100.14202565949896 100.09897609419167 100.05687264697207 100.01640128540409 99.978832716549363 99.946420761693332 99.923389624970653 100.06266817620558 480.29265333559027 480.24090164778397 480.16735073288373 480.07346746484666 99.991972092986501 479.92275788262623 479.86619152280701 479.79045347479939 479.69590587425091 23.957860711790346 99.745969029854720 99.707626878857639 99.670307251558782 99.632421521000751 99.593185667158849 99.552398800873533 99.510252667405965 99.467107735311529 99.423321305455289 99.379172168270628 99.334853607278248 99.290492179961447
100.71648595936000 100.67343990941879 100.63028577269478 100.58702860726450 100.54367719669975 100.50024533349610 100.45675350510987 100.41323109147680 100.36971919531931 100.32627424072261 100.28297254424146 100.23991638230966 100.19724314927768 100.15514182301865 100.11388523151467 100.07388915354957 100.03580183549897 100.00060370242953 99.969643487475750 99.944245308045964 99.922701401181371 99.897764152615977 99.873281912134402 99.855536948874104 99.844506908512159 99.831932726272072 99.807797726339956 99.782566379349888 99.764838186321143 99.754672505720066 99.743527524549108 99.719374924070522 99.687202146010435 99.652244723642909 99.615618740445754 99.577485741515687 99.537933860785330 99.497146915335023 99.455380344441565 99.412898432675846 99.369930626424420 99.326656325585859 99.283207616497762
100.71972586452867 100.67699458927009 100.63419345351662 100.59133274241360 100.54842715241676 100.50549711145237 100.46257047016876 100.41968466012275 100.37688944012619 100.33425040364388 100.29185354923123 100.24981152982879 100.20827283748010 100.16743610939609 100.12757212188605 100.08905337119401 100.05238109914681 100.01817592372964 99.987045582180002 99.959144587070270 99.933438559018285 99.908452625462999 99.884861469856347 99.864176792298167 99.845856293080601 99.826880014607895 99.805085541007841 99.782627188683165 99.762318316099609 99.743939320449925 99.724021118306950 99.699007281353133 99.669005635582650 99.635748566772136 99.600324734520541 99.563224955710965 99.524716616467614 99.485021487707300 99.444361609763305 99.402952625964417 99.360987540491109 99.318627135542584 99.275998687921330
