validation/pond_uf_noflow/modaem_head.grd
DSAA
    50    50
  -100.00       100.00    
  -100.00       100.00    
   99.754       100.00    
[rows 19 to 37 of 50, columns 0 to 42 of 50]
99.998633024722167 99.995326337469706 99.992075480207035 99.988882857347420 99.985748713615024 99.982669211824145 99.979633244900640 99.976617402519409 99.973578721820004 99.970446109164669 99.967114808268562 99.963453923446323 99.959338282042637 99.954699412734641 99.949561072762833 99.944026211442093 99.938228173650685 99.932286722808698 99.926289281001829 99.920291506474442 99.914325208679969 99.908406491984891 99.902541834739750 99.896732031973315 99.890974528412386 99.885264650309139 99.879596079277107 99.873960747620160 99.868348191093062 99.862744237704803 99.857128668972081 99.851471151833977 99.845725936163916 99.839855333525207 99.834558544236799 99.799723775650079 99.794688226194552 99.790279867650895 99.786581481660917 99.783429614282085 99.780637069198590 99.778037749256015 99.775508000115110
99.999055867618083 99.995818622172337 99.992653470250417 99.989567617334188 99.986567625309334 99.983657773819971 99.980836809827380 99.978091748883486 99.975386700433631 99.972644836965685 99.969726118248659 99.966383432738866 99.962381057152356 99.957707618103186 99.952363091840937 99.946437885920375 99.940234377090235 99.933933117269333 99.927640085321244 99.921409257069527 99.915263756308633 99.909210377530698 99.903248038774464 99.897372359429156 99.891578065747694 99.885860267316062 99.880215224118871 99.874641045833584 99.869138835968855 99.863715269871932 99.858389074325444 99.853208447244555 99.848301963473915 99.844038858749059 99.841404499356358 99.789158088037098 99.786670312205388 99.783802941239500 99.781168977887901 99.778960229078507 99.777015024791510 99.775120440147049 99.773156971651517
99.999413765409329 99.996238848862177 99.993152075965767 99.990166177975226 99.987295552240340 99.984555629280692 99.981960859173398 99.979519449362257 99.977220728109756 99.974996737167544 99.972336185729660 99.969005005064631 99.965003169051599 99.960330712379530 99.954987749279013 99.948974497521789 99.942325717079783 99.935562678660105 99.928923764453501 99.922439130431513 99.916108973041204 99.909922730156012 99.903867463845074 99.897931378393338 99.892105301691686 99.886383426951056 99.880763969099633 99.875250213404200 99.869852598540831 99.864593117283491 99.859514940593215 99.854703913006418 99.850335685246463 99.846765417431754 99.844768950056306 99.781220433874140 99.779924170149883 99.778127203706731 99.776282092033981 99.774647178815428 99.773364152147465 99.772281990695134 99.770942793124206
99.999694782626179 99.996571226033538 99.993550098105217 99.990649672269853 99.987892692913647 99.985307475650401 99.982928805928552 99.980797394004497 99.978953749783983 99.976962991676103 99.974302461382251 99.970971511815833 99.966970183776922 99.962298599208594 99.956956986579158 99.950945713914237 99.944265331964559 99.937057338254334 99.930048744463960 99.923313008419711 99.916809999573800 99.910504346309423 99.904368163056347 99.898380951092719 99.892528995775038 99.886804988781961 99.881208146812611 99.875745037436772 99.870431463608682 99.865296110510016 99.860387319529693 99.855785285872244 99.851622086917473 99.848212499216146 99.846557451418562 99.775741707251086 99.774966221318394 99.773791152346888 99.772492401344252 99.771287712049258 99.770330070670482 99.769724328284425 99.769021927393183
99.999888589481941 99.996801753218392 99.993828158475353 99.990990650721869 99.988319178699015 99.985853881177079 99.983649873932762 99.981784710139280 99.980264121345627 99.978273921387995 99.975613435501870 99.972282679458942 99.968281741631017 99.963610806135662 99.958270183054253 99.952260348051595 99.945581994567277 99.938240451205090 99.930900235912489 99.923955174827739 99.917314976750845 99.910917731429166 99.904721013672201 99.898696320910972 99.892825810070491 99.887100582959874 99.881520085399060 99.876092391296297 99.870835237377435 99.865777617225319 99.860961359793052 99.856440925496457 99.852276697486417 99.849036784713419 99.847543962876856 99.772275085128456 99.771734786828929 99.770892507965570 99.769923165464050 99.768999131296425 99.768264117734688 99.767829759321174 99.767579746135226
99.999987533670435 99.996919866667554 99.993971287614940 99.991167246371248 99.988541913293631 99.986142628122565 99.984037584714983 99.982330036246253 99.980919641937035 99.978929415105554 99.976268960786413 99.972938313705740 99.968937586943980 99.964266996957079 99.958926896339108 99.952917816913356 99.946240526684491 99.938896105496411 99.931363352421670 99.924297088779596 99.917580155275459 99.911132847545431 99.904903574465223 99.898858969689869 99.892978707215562 99.887252864601933 99.881680813955441 99.876271076569282 99.871041652705586 99.866020018827371 99.861240991105277 99.856738350375352 99.852531603777749 99.849420751101221 99.848011930508250 99.770573645442155 99.770140379451760 99.769445029819067 99.768628983198269 99.767841730574801 99.767218670870918 99.766871822117665 99.766798959802372
99.999987533670435 99.996919866667554 99.993971287614940 99.991167246371248 99.988541913293631 99.986142628122565 99.984037584714983 99.982330036246253 99.980919641937035 99.978929415105554 99.976268960786413 99.972938313705740 99.968937586943980 99.964266996957079 99.958926896339108 99.952917816913356 99.946240526684491 99.938896105496411 99.931363352421670 99.924297088779596 99.917580155275459 99.911132847545431 99.904903574465223 99.898858969689869 99.892978707215562 99.887252864601933 99.881680813955441 99.876271076569282 99.871041652705586 99.866020018827371 99.861240991105277 99.856738350375352 99.852531603777749 99.849420751101221 99.848011930508250 99.770573645442155 99.770140379451760 99.769445029819067 99.768628983198269 99.767841730574801 99.767218670870918 99.766871822117665 99.766798959802372
99.999888589481941 99.996801753218392 99.993828158475353 99.990990650721869 99.988319178699015 99.985853881177079 99.983649873932762 99.981784710139280 99.980264121345627 99.978273921387995 99.975613435501870 99.972282679458942 99.968281741631017 99.963610806135662 99.958270183054253 99.952260348051595 99.945581994567277 99.938240451205090 99.930900235912489 99.923955174827739 99.917314976750845 99.910917731429166 99.904721013672201 99.898696320910972 99.892825810070491 99.887100582959874 99.881520085399060 99.876092391296297 99.870835237377435 99.865777617225319 99.860961359793052 99.856440925496457 99.852276697486417 99.849036784713419 99.847543962876856 99.772275085128456 99.771734786828929 99.770892507965570 99.769923165464050 99.768999131296425 99.768264117734688 99.767829759321174 99.767579746135226
99.999694782626179 99.996571226033538 99.993550098105217 99.990649672269868 99.987892692913647 99.985307475650401 99.982928805928552 99.980797394004497 99.978953749783983 99.976962991676103 99.974302461382251 99.970971511815833 99.966970183776922 99.962298599208594 99.956956986579158 99.950945713914237 99.944265331964559 99.937057338254334 99.930048744463960 99.923313008419711 99.916809999573800 99.910504346309423 99.904368163056347 99.898380951092719 99.892528995775038 99.886804988781961 99.881208146812611 99.875745037436772 99.870431463608682 99.865296110510016 99.860387319529693 99.855785285872244 99.851622086917473 99.848212499216146 99.846557451418562 99.775741707251086 99.774966221318394 99.773791152346888 99.772492401344252 99.771287712049258 99.770330070670482 99.769724328284425 99.769021927393183
99.999413765409329 99.996238848862177 99.993152075965767 99.990166177975226 99.987295552240340 99.984555629280692 99.981960859173398 99.979519449362257 99.977220728109756 99.974996737167544 99.972336185729660 99.969005005064631 99.965003169051599 99.960330712379530 99.954987749279013 99.948974497521789 99.942325717079783 99.935562678660105 99.928923764453501 99.922439130431513 99.916108973041204 99.909922730156012 99.903867463845074 99.897931378393338 99.892105301691686 99.886383426951056 99.880763969099633 99.875250213404200 99.869852598540831 99.864593117283491 99.859514940593215 99.854703913006418 99.850335685246463 99.846765417431754 99.844768950056306 99.781220433874140 99.779924170149883 99.778127203706731 99.776282092033981 99.774647178815428 99.773364152147465 99.772281990695134 99.770942793124206
99.999055867618083 99.995818622172337 99.992653470250417 99.989567617334188 99.986567625309334 99.983657773819971 99.980836809827380 99.978091748883486 99.975386700433631 99.972644836965685 99.969726118248659 99.966383432738866 99.962381057152356 99.957707618103186 99.952363091840937 99.946437885920375 99.940234377090235 99.933933117269333 99.927640085321244 99.921409257069527 99.915263756308633 99.909210377530698 99.903248038774464 99.897372359429156 99.891578065747694 99.885860267316062 99.880215224118871 99.874641045833584 99.869138835968855 99.863715269871932 99.858389074325444 99.853208447244555 99.848301963473915 99.844038858749059 99.841404499356358 99.789158088037098 99.786670312205388 99.783802941239500 99.781168977887901 99.778960229078507 99.777015024791510 99.775120440147049 99.773156971651517
99.998633024722167 99.995326337469706 99.992075480207035 99.988882857347420 99.985748713615024 99.982669211824145 99.979633244900640 99.976617402519409 99.973578721820004 99.970446109164669 99.967114808268562 99.963453923446323 99.959338282042637 99.954699412734641 99.949561072762833 99.944026211442093 99.938228173650685 99.932286722808698 99.926289281001829 99.920291506474442 99.914325208679969 99.908406491984891 99.902541834739736 99.896732031973315 99.890974528412386 99.885264650309139 99.879596079277107 99.873960747620160 99.868348191093062 99.862744237704803 99.857128668972081 99.851471151833977 99.845725936163916 99.839855333525207 99.834558544236799 99.799723775650079 99.794688226194552 99.790279867650895 99.786581481660917 99.783429614282085 99.780637069198590 99.778037749256015 99.775508000115110
99.998157733651212 99.994778063014763 99.991438917177817 99.988138972306700 99.984873999997291 99.981635130912380 99.978406349918387 99.975161154060075 99.971858725561503 99.968440961062328 99.964833301939251 99.960953507141909 99.956730456631462 99.952127513031982 99.947156912124697 99.941874596176618 99.936359443680047 99.930690856625745 99.924934852961627 99.919139728555848 99.913337536970218 99.907547644011515 99.901780247506920 99.896039072470671 99.890323106903011 99.884627449037438 99.878943312975181 99.873257082856327 99.867547982301915 99.861783207670683 99.855907514747202 99.849818623778319 99.843299057962682 99.835771004873976 99.824936002496088 99.810266566671885 99.801968451516856 99.796136423458222 99.791479839563692 99.787543828424646 99.784073596758375 99.780892970652658 99.777875457640135
99.997642186101316 99.994188982686097 99.990762685227537 99.987359362964540 99.983972017247595 99.980589232112550 99.977193468860619 99.973759160573735 99.970251095761682 99.966624107191606 99.962825602706374 99.958802354046838 99.954511307791122 99.949931049643098 99.945068302233153 99.939955612702178 99.934641629281259 99.929179295747304 99.923616790757507 99.917992910794666 99.912336064501545 99.906665248233722 99.900991673780425 99.895320277829967 99.889650755333193 99.883977956405488 99.878291510280064 99.872574416798130 99.866800030697732 99.860926172827519 99.854883551299054 99.848552138382900 99.841712199904975 99.833961555344757 99.824836978783935 99.815256025115858 99.807249047755008 99.800906194313455 99.795682922812716 99.791203653702482 99.787228503525526 99.783591494003645 99.780172663972493
99.997097650815590 99.993572659485437 99.990062976760157 99.986563051468252 99.983064460619715 99.979554968107180 99.976017492329078 99.972429185840681 99.968761026129528 99.964978533548035 99.961044309966994 99.956922752035766 99.952586337220438 99.948021608703016 99.943232370515915 99.938238543467932 99.933071234005041 99.927766239317734 99.922358319557091 99.916877475635857 99.911347269929365 99.905784578936689 99.900200065693454 99.894598823156585 99.888980837309987 99.883341047678655 99.877668820495401 99.871946596902347 99.866147331654233 99.860230099103958 99.854133045603234 99.847763611392310 99.840992143481060 99.833683713132231 99.825870225435338 99.818032274573000 99.810852002660283 99.804595470022349 99.799163253136015 99.794370703543777 99.790052585580497 99.786077276009109 99.782342595374942
99.996534107517377 99.992940683177096 99.989353037152384 99.985764773159303 99.982166995964718 99.978547713414542 99.974891286695851 99.971178102828148 99.967384737600383 99.963484938976038 99.959451702533102 99.955260433699976 99.950892690048093 99.946339478363740 99.941602935327822 99.936695710415265 99.931638288809594 99.926455254903075 99.921171659476826 99.915810268989560 99.910389921379632 99.904924809201347 99.899424347101316 99.893893286773277 99.888331816387947 99.882735454684124 99.877094595493062 99.871393579919214 99.865609205898920 99.859708737459869 99.853648073178036 99.847372662432207 99.840828842159709 99.834001640037485 99.826988054971025 99.820042361657841 99.813470450182095 99.807453009333855 99.802009082900241 99.797069191422977 99.792538750943507 99.788326424817114 99.784353202873916
99.995960092056791 99.992302606702395 99.988643300535401 99.984975490968012 99.981290423223015 99.977576927298671 99.973821180037575 99.970006698200379 99.966114724201944 99.962125164748059 99.958018164154666 99.953776212588494 99.949386434955514 99.944842493013596 99.940145518100948 99.935303752023714 99.930331006065728 99.925244418488731 99.920062113225384 99.914801229140977 99.909476534635957 99.904099613045346 99.898678472076170 99.893217391998206 99.887716845834319 99.882173366530068 99.876579285825841 99.870922335762216 99.865185226779090 99.859345591050484 99.853377288999880 99.847255253262873 99.840967562275949 99.834537715701643 99.828050089193695 99.821651402596402 99.815504346083145 99.809723279580908 99.804347786568471 99.799359250202414 99.794709023627888 99.790338873719193 99.786191873301405
99.995382695285983 99.991666067388280 99.987941721510254 99.984203061724884 99.980441830256780 99.976647938299848 99.972809413183668 99.968912544564674 99.964942319625735 99.960883216385767 99.956720359775858 99.952440935343063 99.948035627393224 99.943499760583663 99.938833840374102 99.934043329935918 99.929137717508254 99.924129118121030 99.919030734219291 99.913855456940155 99.908614772533880 99.903318013250029 99.897971903331296 99.892580310487915 99.887144112565124 99.881661115004349 99.876126001189505 99.870530372020440 99.864863056698113 99.859111092530455 99.853262105713313 99.847309183274064 99.841259197276216 99.835143668266127 99.829026572340950 99.822999281619047 99.817158396605194 99.811578083900685 99.806294837403442 99.801309682499948 99.796599598697895 99.792129275568229 99.787859529830286
99.994807659461586 99.991037005926145 99.987254178047905 99.983452895867799 99.979625578325638 99.975763284733404 99.971855762491629 99.967891651742690 99.963858893318118 99.959745363644529 99.955539714637311 99.951232332463576 99.946816264550066 99.942287928580001 99.937647437065735 99.932898451286789 99.928047592586893 99.923103541243108 99.918076004426226 99.912974724480804 99.907808644944822 99.902585284935938 99.897310318013851 99.891987321422789 99.886617656696572 99.881200459480013 99.875732753067069 99.870209759025002 99.864625564992309 99.858974423427242 99.853253060004377 99.847464337196556 99.841622163287170 99.835756335235217 99.829914321933572 99.824156576237016 99.818545031884000 99.813129663870598 99.807939813161511 99.802983105387852 99.798249866253954 99.793719353698691 99.789365323754978
