validation/pond_uf_noflow/modaem_qx.grd
DSAA
    50    50
  -100.00       100.00    
  -100.00       100.00    
  0.43490E-01   3.6071    
[rows 19 to 37 of 50, columns 0 to 42 of 50]
0.81670847748264386 0.80342530345806629 0.78939216440256921 0.77497546844959864 0.76089898934129718 0.74849017973037557 0.74005963911590222 0.73942018111646679 0.75240773324629973 0.78687220801490254 0.85094085797998065 0.94823565648024966 1.0713957475258311 1.2006165199553895 1.3127367159600478 1.3937092244790263 1.4423685138664639 1.4653829597645174 1.4711270844179181 1.4665178435858075 1.4563351966851457 1.4435871942866314 1.4300716129524618 1.4168409147160097 1.4045285076495992 1.3935693146803947 1.3843573421685200 1.3773773001998046 1.3733449678747598 1.3734016805343712 1.3794393402430791 1.3946142101648522 1.4228755006842209 1.4451844703565553 0.83362967327753312 1.2116572559782022 1.1742510847843415 0.98769993790451172 0.83152971593609082 0.72070610203772312 0.65451053404492221 0.62420135674752575 0.61861283905670139
0.80137158462965197 0.78458908203283673 0.76603813922981800 0.74575557610997789 0.72405324854692743 0.70180105868297338 0.68095729453316101 0.66551406604768570 0.66299686772939614 0.68617357448262783 0.75280302798450305 0.89838172732791954 1.0627852577098906 1.2272009007342299 1.3916155224870947 1.4949528328792503 1.5375125703860608 1.5458727388308127 1.5355987203593062 1.5166212213637476 1.4944298052566232 1.4717876814927784 1.4499464253978636 1.4293566726764697 1.4100498195367155 1.3918267190973017 1.3743258091054020 1.3569858077598476 1.3388475802311299 1.3179960309073537 1.2900444594587803 1.2437524024595819 1.1470633910416310 0.90238498662339550 0.33480095165437551 0.46677591142863384 0.69535458940973671 0.68705402564166995 0.59631641645292310 0.49650715631475051 0.46413852770481234 0.46905451247584273 0.49547601809601882
0.78772002968033505 0.76754071692135484 0.74445804534904247 0.71804191862639055 0.68792736771410690 0.65402555511313210 0.61702969798734353 0.57958955525406608 0.54892005094315977 0.56968813423058196 0.73398506827597421 0.89829458348514724 1.0626037222345728 1.2268954797667173 1.3911476718284985 1.5553314708095534 1.6661177182180746 1.6439609261959125 1.6080329296876099 1.5695018258076903 1.5327375580429796 1.4990626274357288 1.4685048949507733 1.4405541913728044 1.4144629338720325 1.3893325271892247 1.3640755130523547 1.3372549965756184 1.3067140496747980 1.2687489548030726 1.2162313806295719 1.1343693448836198 0.99207806944377253 0.73134455403869980 0.18086061368625161 0.20606493505992973 0.40202075013960192 0.46008649468304696 0.43384875808126266 0.36170456179143490 0.26369977986116322 0.29328224045009699 0.36356593723510627
0.77655151320138249 0.75339135330308682 0.72621912480062589 0.69406544680769833 0.65570245837361429 0.60963329636604957 0.55423377343736502 0.48842157148595999 0.41405085323614088 0.56970420109226072 0.73395655216832068 0.89820714850956584 1.0624387138028606 1.2266285290092644 1.3907468060344244 1.5547545395847868 1.7186006528951552 1.7536387426550069 1.6820303111255479 1.6201610227527248 1.5677652924419285 1.5231419809207085 1.4844220452313803 1.4498701617280412 1.4178867454432698 1.3869118519405290 1.3552798524408312 1.3210125886432267 1.2814935718572920 1.2329035143032114 1.1692114090305188 1.0805051931580425 0.95098925280240310 0.64806654781156525 0.15959338367849174 0.11880221199571417 0.25078742687282318 0.31338685698284086 0.31412308831698998 0.27000977869606857 0.19499408682537184 0.10712032457582754 0.23398633173713995
0.76861077026138713 0.74321873201560462 0.71291790665285537 0.67625022585776451 0.63115103585780341 0.57462392538824503 0.50221833547050321 0.40723538668531067 0.40549121443113778 0.56970841414960149 0.73392909796712325 0.89813784807211661 1.0623142915312529 1.2264315994981232 1.3904544980453835 1.5543366165449657 1.7180169321005132 1.8564656019400108 1.7455384472939390 1.6611755117602292 1.5950137487492662 1.5413467675158543 1.4961958944581581 1.4566253913179295 1.4202859331456457 1.3850992057497988 1.3490192244730757 1.3098334120985153 1.2649954139179220 1.2115320767467357 1.1461886514495452 1.0662730493608414 0.97222420793707698 0.58569971000823662 0.14199604452696790 8.3675049424753789E-002 0.17594338936462162 0.22936551482451883 0.23847968286065557 0.20842344561833348 0.14719777777615517 6.2220796942735357E-002 0.12536204238498749
0.76448003263976982 0.73788952574063305 0.70588570900357217 0.66671658143852308 0.61779327262934658 0.55512593575327362 0.47223580960862560 0.35787899210739527 0.40550369076350645 0.56970851440436543 0.73391276152055596 0.89809979162861853 1.0622476153129816 1.2263272546048440 1.3903005618679385 1.5541173016706618 1.7177112241342369 1.8809947517830055 1.7830852647862419 1.6844316153922658 1.6100467000719123 1.5512028775166529 1.5024833437947973 1.4601927463837368 1.4215368006155802 1.3841513763290401 1.3458072459730168 1.3042299834674245 1.2570591981646357 1.2020903119906277 1.1381678163993163 1.0675357037697113 0.96075553350317633 0.55820192720597395 0.12810992989579750 6.4422662199701275E-002 0.14349648918777724 0.19131958732060972 0.20234599940870091 0.17784447825451566 0.12288176081626506 4.3490156827319437E-002 6.1755673827137814E-002
0.76448003263977049 0.73788952574063449 0.70588570900357250 0.66671658143852341 0.61779327262934680 0.55512593575327362 0.47223580960862410 0.35787899210739671 0.40550369076350745 0.56970851440436432 0.73391276152055429 0.89809979162861786 1.0622476153129816 1.2263272546048423 1.3903005618679360 1.5541173016706640 1.7177112241342372 1.8809947517830057 1.7830852647862419 1.6844316153922660 1.6100467000719116 1.5512028775166513 1.5024833437947964 1.4601927463837365 1.4215368006155820 1.3841513763290418 1.3458072459730188 1.3042299834674220 1.2570591981646335 1.2020903119906277 1.1381678163993181 1.0675357037697100 0.96075553350317677 0.55820192720597483 0.12810992989579550 6.4422662199697500E-002 0.14349648918777613 0.19131958732060972 0.20234599940870146 0.17784447825451410 0.12288176081626462 4.3490156827319160E-002 6.1755673827136592E-002
0.76861077026138813 0.74321873201560540 0.71291790665285448 0.67625022585776251 0.63115103585780219 0.57462392538824203 0.50221833547050199 0.40723538668531012 0.40549121443113600 0.56970841414960383 0.73392909796712269 0.89813784807211716 1.0623142915312582 1.2264315994981263 1.3904544980453857 1.5543366165449646 1.7180169321005134 1.8564656019400103 1.7455384472939373 1.6611755117602294 1.5950137487492637 1.5413467675158536 1.4961958944581553 1.4566253913179275 1.4202859331456459 1.3850992057497959 1.3490192244730757 1.3098334120985147 1.2649954139179211 1.2115320767467355 1.1461886514495452 1.0662730493608397 0.97222420793707631 0.58569971000823484 0.14199604452696923 8.3675049424754677E-002 0.17594338936462095 0.22936551482451695 0.23847968286065480 0.20842344561833070 0.14719777777615617 6.2220796942735412E-002 0.12536204238498799
0.77655151320138105 0.75339135330309037 0.72621912480062645 0.69406544680770144 0.65570245837361574 0.60963329636604791 0.55423377343736802 0.48842157148595977 0.41405085323613883 0.56970420109225850 0.73395655216831712 0.89820714850956607 1.0624387138028597 1.2266285290092629 1.3907468060344246 1.5547545395847893 1.7186006528951547 1.7536387426550071 1.6820303111255470 1.6201610227527232 1.5677652924419294 1.5231419809207085 1.4844220452313812 1.4498701617280412 1.4178867454432675 1.3869118519405272 1.3552798524408312 1.3210125886432245 1.2814935718572900 1.2329035143032094 1.1692114090305186 1.0805051931580414 0.95098925280240110 0.64806654781156214 0.15959338367850262 0.11880221199571595 0.25078742687282030 0.31338685698283775 0.31412308831698665 0.27000977869606768 0.19499408682537045 0.10712032457582760 0.23398633173713862
0.78772002968033406 0.76754071692135606 0.74445804534904181 0.71804191862638955 0.68792736771410767 0.65402555511313309 0.61702969798734164 0.57958955525406830 0.54892005094315510 0.56968813423058262 0.73398506827597454 0.89829458348514835 1.0626037222345723 1.2268954797667180 1.3911476718284990 1.5553314708095551 1.6661177182180755 1.6439609261959118 1.6080329296876106 1.5695018258076858 1.5327375580429781 1.4990626274357299 1.4685048949507729 1.4405541913728055 1.4144629338720305 1.3893325271892250 1.3640755130523534 1.3372549965756180 1.3067140496747960 1.2687489548030710 1.2162313806295688 1.1343693448836176 0.99207806944376664 0.73134455403869580 0.18086061368622097 0.20606493505991397 0.40202075013959715 0.46008649468304175 0.43384875808125900 0.36170456179143162 0.26369977986116355 0.29328224045009410 0.36356593723510494
0.80137158462965041 0.78458908203283928 0.76603813922981656 0.74575557610998200 0.72405324854692921 0.70180105868297615 0.68095729453316101 0.66551406604768470 0.66299686772939870 0.68617357448262961 0.75280302798450482 0.89838172732791544 1.0627852577098891 1.2272009007342310 1.3916155224870967 1.4949528328792527 1.5375125703860630 1.5458727388308160 1.5355987203593053 1.5166212213637515 1.4944298052566236 1.4717876814927819 1.4499464253978638 1.4293566726764695 1.4100498195367144 1.3918267190973033 1.3743258091054018 1.3569858077598467 1.3388475802311293 1.3179960309073526 1.2900444594587783 1.2437524024595781 1.1470633910416241 0.90238498662339062 0.33480095165441726 0.46677591142864150 0.69535458940972972 0.68705402564166373 0.59631641645291733 0.49650715631474779 0.46413852770481151 0.46905451247584118 0.49547601809601949
0.81670847748264108 0.80342530345806862 0.78939216440256865 0.77497546844960008 0.76089898934129918 0.74849017973037335 0.74005963911590500 0.73942018111646635 0.75240773324629817 0.78687220801490532 0.85094085797998253 0.94823565648025021 1.0713957475258320 1.2006165199553864 1.3127367159600498 1.3937092244790212 1.4423685138664608 1.4653829597645165 1.4711270844179167 1.4665178435858051 1.4563351966851470 1.4435871942866307 1.4300716129524598 1.4168409147160117 1.4045285076495979 1.3935693146803929 1.3843573421685187 1.3773773001998026 1.3733449678747560 1.3734016805343678 1.3794393402430773 1.3946142101648484 1.4228755006842138 1.4451844703565375 0.83362967327737647 1.2116572559781504 1.1742510847843293 0.98769993790450483 0.83152971593608793 0.72070610203771968 0.65451053404491799 0.62420135674752408 0.61861283905670184
0.83297391225682504 0.82304421364831293 0.81318670671810334 0.80395196695895388 0.79623646870031850 0.79144953893255621 0.79171901962063573 0.80007983050123177 0.82048336248391451 0.85729964344020171 0.91389121165995679 0.99021689000214952 1.0806404332324484 1.1742782533709419 1.2589371117627393 1.3260789341276145 1.3730467725215605 1.4018501439128925 1.4166279118515321 1.4216898777801235 1.4206079899898949 1.4160341900226063 1.4098450191681180 1.4033754933086904 1.3976478639816423 1.3935796067914790 1.3921941119329055 1.3948886258845643 1.4038716616526163 1.4230359700824167 1.4600007470884302 1.5317026633271755 1.6832058766783993 2.0758208230790318 3.6071352606931129 2.6168926775446186 1.6413116596600550 1.2588101250406927 1.0398358038366484 0.89885502069925571 0.80866451397160855 0.75496813257502560 0.72716703063929367
0.84951535973704584 0.84262745193898858 0.83641477377462625 0.83149341544656274 0.82876510020034821 0.82950773571568737 0.83545305548070570 0.84879358690059348 0.87201184577097091 0.90738772921623601 0.95609911865182406 1.0171013035680141 1.0864150018135859 1.1576265522157154 1.2237473045435396 1.2794327999054129 1.3222193308025354 1.3523386402139745 1.3717015649426629 1.3828443708300462 1.3882417041090926 1.3900068024045809 1.3898473949964465 1.3891507641639762 1.3891241455388017 1.3909653539155717 1.3960757721030408 1.4063654730272814 1.4247620761340252 1.4561687127479042 1.5094300431999055 1.6015620285337835 1.7661859438720111 2.0560622477437001 2.3853697265476406 2.1992479617831751 1.7342295372473415 1.3976440890642459 1.1766820140000900 1.0277094701691107 0.92679070158082377 0.86019555186036101 0.81854118386920371
0.86581506326953372 0.86156930469269632 0.85839873781332843 0.85690471254831979 0.85790011774072406 0.86244472537629735 0.87184930210504463 0.88760844932004623 0.91120781871375089 0.94376018664963757 0.98548999472832433 1.0352232979398353 1.0901835414253362 1.1463730537592096 1.1995186050480633 1.2461584578387286 1.2843373512371750 1.3136755197286196 1.3349736822599494 1.3496771380802945 1.3594367842210300 1.3658492189084497 1.3703563193707593 1.3742534422850563 1.3787642369869195 1.3851615888806941 1.3949366181152016 1.4100398752601080 1.4332428368684409 1.4686849907951294 1.5226101101883973 1.6037749619126680 1.7203709539816576 1.8611145233518629 1.9470243345375629 1.8619157447600796 1.6465161385050830 1.4245457576838501 1.2451075837448620 1.1100111638494825 1.0112180433554301 0.94083400984139554 0.89232840725294127
0.88149385523304968 0.87946387501969570 0.87874158025519722 0.87986850511205106 0.88352965549555185 0.89055588288356802 0.90189453423835253 0.91852588405216551 0.94130348733890568 0.97071372108445508 1.0065923314557668 1.0478966808257006 1.0926722423078821 1.1383115581360319 1.1820664245136561 1.2216213087909331 1.2554961128835156 1.2831562511231764 1.3048692942608446 1.3214401183639237 1.3339503423348853 1.3435708155933963 1.3514620994829987 1.3587494265027018 1.3665522589627086 1.3760535004401793 1.3886008201121405 1.4058358244328308 1.4298354706996839 1.4631946745800515 1.5087947786327442 1.5684896942757272 1.6389212734752086 1.7027455017399038 1.7230520957773434 1.6669261450728194 1.5458461053387929 1.4023072097612281 1.2683158228638520 1.1561962596802065 1.0674795996846829 0.99979127571892645 0.94973480106880270
0.89629772684940934 0.89607187554433054 0.89725949997967225 0.90032322676994048 0.90581503123372442 0.91436229134364078 0.92662840617418341 0.94323740280364254 0.96465680634069528 0.99104691804998524 1.0221080555270188 1.0569820823206126 1.0942717858086117 1.1322120317829771 1.1689625343778463 1.2029293465373181 1.2330065146181268 1.2586731692069593 1.2799509351814518 1.2972759921260495 1.3113498478533054 1.3230142294496916 1.3331698151814666 1.3427396105301523 1.3526685248143326 1.3639477743123343 1.3776507935550788 1.3949599730302960 1.4171409146554859 1.4453654722260763 1.4801728140804771 1.5202047946963009 1.5599256055655897 1.5872820429199117 1.5854541420134687 1.5429515125213586 1.4643297224629994 1.3668689222503607 1.2680085111040498 1.1784437334384783 1.1025871307315562 1.0411288502099809 0.99298156715209618
0.91007599854248422 0.91128126071390547 0.91391662087669145 0.91836313877073417 0.92505197513472415 0.93444450953769265 0.94699436871223752 0.96308750963099121 0.98296130420887962 1.0066125943915729 1.0337164718866552 1.0635867439645390 1.0952073711289081 1.1273457805414140 1.1587280799732909 1.1882286860994804 1.2150202487483130 1.2386485434937677 1.2590286960776536 1.2763851238027626 1.2911673707394362 1.3039691453961311 1.3154662781690840 1.3263780455549039 1.3374483168163180 1.3494376472687273 1.3631121352385167 1.3792058813426156 1.3983169905446537 1.4206698897233347 1.4456501117497216 1.4710487574832216 1.4921959511303653 1.5017843508016924 1.4917631905611459 1.4575385979083970 1.4014017078900087 1.3314768685812575 1.2573243503650973 1.1863913910682988 1.1230256646433487 1.0690523830580181 1.0246870831668864
0.92275754244128771 0.92507029405857200 0.92877128618329052 0.93416627687942944 0.94158456112371391 0.95135875368000711 0.96379265522613466 0.97911663108328173 0.99743352239702776 1.0186634034242810 1.0425010746984225 1.0684030858250497 1.0956178490769133 1.1232615679391351 1.1504272864372660 1.1763015816445486 1.2002604181619161 1.2219242450052683 1.2411675493754295 1.2580918796697054 1.2729783651026458 1.2862353698119762 1.2983518784238346 1.3098608072881774 1.3213106266443164 1.3332387364228850 1.3461350930916487 1.3603784809604649 1.3761204723235192 1.3930875394174227 1.4102843855277998 1.4256434862495933 1.4358147015802771 1.4364841228309286 1.4235836820231504 1.3951232199306232 1.3524557172934972 1.2998737812139101 1.2428621550260814 1.1863465873710366 1.1338107049922097 1.0872284227150264 1.0473882820388127
