validation/pond_uf_noflow/modaem_psi.grd
DSAA
    50    50
  -100.00       100.00    
  -100.00       100.00    
  -90.136       90.136    
[rows 0 to 18 of 50, columns 0 to 41 of 50]
90.136010565233605 89.748347364794441 89.348859679766974 88.938333709161157 88.517766072867360 88.088375250410522 87.651608432503920 87.209142803776260 86.762880483488601 86.314936672441959 85.867620973762399 85.423412339393110 84.984928592631107 84.554891928093994 84.136092130192296 83.731349424077962 83.343478842624322 82.975257748642775 82.629397710642323 82.308521335482993 82.015143972852428 81.751659494993163 81.520328693370743 81.323268292704654 81.162438229433377 81.039624740660955 80.956417021455366 80.914175783849217 80.913993017096203 80.956643586975119 81.042530931022711 81.171630822288009 81.343438708428323 81.556927147344794 81.810520029118180 82.102089382236485 82.428978601648453 82.788053151384105 83.175776651906503 83.588307338945413 84.021607709144803 84.471559095446210
86.043067864461108 85.637636995862280 85.218622421421102 84.786784550176264 84.343122759880202 83.888891193797704 83.425609191140879 82.955064979208331 82.479311493709474 82.000653598402593 81.521626532333059 81.044966079784075 80.573571664271739 80.110464223124836 79.658741227009855 79.221531484090505 78.801952354428153 78.403071679328121 78.027876127889854 77.679246841077912 77.359942298839229 77.072587344678155 76.819666369686814 76.603517871914320 76.426327048893071 76.290112832795899 76.196705925908489 76.147715028427797 76.144479646331888 76.188009649684005 76.278914046879422 76.417324023144843 76.602817763026465 76.834356396801454 77.110241010394901 77.428099614436789 77.784910189639973 78.177061764127217 78.600450690828310 79.050604846216871 79.522825254723870 80.012333208042605
81.964282893204199 81.540546944904548 81.101248396401616 80.647101920610581 80.179093610346598 79.698502609124347 79.206916518831633 78.706238663268223 78.198685543135241 77.686773319230227 77.173292898172491 76.661274116169395 76.153940523033000 75.654657227471517 75.166875028594092 74.694074495304235 74.239713675429755 73.807182692684236 73.399767661259787 73.020625209843757 72.672767586965520 72.359056953006785 72.082206173717381 71.844782318541149 71.649208223669206 71.497756997051681 71.392534334883152 71.335444131051474 71.328134251952960 71.371921641397293 71.467699111296128 71.615830027841284 71.816041070023005 72.067326463713002 72.367878581748812 72.715058715988818 73.105417873723539 73.534771120677277 73.998321542255511 74.490822988657698 75.006765932733956 75.540568893080533
77.901565890879411 77.459060481472648 76.998767653044425 76.521330140307867 76.027698788971207 75.519162008792264 74.997368116421711 74.464337876507741 73.922464795257454 73.374501324811376 72.823530107218971 72.272920662253469 71.726273367526204 71.187353993799348 70.660023215547383 70.148166207824474 69.655627522998628 69.186155872980379 68.743362289580560 68.330693549188553 67.951420924335352 67.608642458538696 67.305295210640807 67.044172391604036 66.827939099082798 66.659139525455402 66.540188204468123 66.473338283536748 66.460621257125439 66.503755382249111 66.604024303998386 66.762133093947085 66.978055247375849 67.250889870569694 67.578751563434864 67.958714723049596 68.386828369668223 68.858207778731526 69.367197324337894 69.907587960781356 70.472865382909120 71.056462572155738
73.857044551280097 73.395407190935714 72.913483068666309 72.411808656431262 71.891269654350310 71.353140938515423 70.799118581382601 70.231340177429928 69.652389879921216 69.065285250722923 68.473444288247720 67.880632766767008 67.290894106358095 66.708466098536107 66.137690580501456 65.582923244361581 65.048450955832664 64.538423175600101 64.056802439821112 63.607336616940678 63.193553129858564 62.818772806246173 62.486138701593340 62.198653232450866 61.959215290872912 61.770647709847658 61.635704623243512 61.557048191543537 61.537185335602722 61.578358178646248 61.682387433993078 61.850476153869877 62.082991330384161 62.379250830826294 62.737349986817584 63.154062583691918 63.624843063811284 64.143941200053050 64.704621031431060 65.299457930763552 65.920676215975902 66.560487135336231
69.833084725035903 69.352091511072345 68.848007098443887 68.321216843955867 67.772500758476369 67.203087524634995 66.614700031142391 66.009587166229068 65.390536593242487 64.760863968610337 64.124375676805300 63.485304606969656 62.848221530800288 62.217927810046987 61.599337892385783 60.997361791609492 60.416798108560016 59.862247032938136 59.338050379422306 58.848262490477588 58.396652304103988 57.986733489152918 57.621816566629775 57.305074426883742 57.039610528374098 56.828517196352990 56.674909826943740 56.581921739100238 56.552644633042995 56.590002287048115 56.696551645200564 56.874216805763083 57.123977226887952 57.445548985415279 57.837111852519890 58.295138792748958 58.814373583303706 59.387977010388035 60.007829181846084 60.664945344073146 61.349944541173734 62.053508508267342
65.832311034808924 65.331923165115683 64.805302846506024 64.252625873717733 63.674511760029965 63.072096568794031 62.447097310591715 61.801860609976238 61.139387910551008 60.463330131805549 59.777946689870120 59.088027177836416 58.398778449801654 57.715684680941976 57.044352251258339 56.390354085156673 55.759088715973860 55.155667673337092 54.584841192534000 54.050967493528844 53.558025866458919 53.109669257473506 52.709308343661270 52.360216187891460 52.065640137578221 51.828905230161652 51.653490698339070 51.543058391283623 51.501409976155550 51.532350580852565 51.639442882733093 51.825650384994972 52.092892835721976 52.441567317277361 52.870116590393891 53.374738823881799 53.949318773521171 54.585618457954510 55.273707644522254 56.002561954887305 56.760727598259066 57.536953179372048
61.857626133544628 61.338048628810498 60.788729257427214 60.209558364362451 59.600921098086616 58.963795270207257 58.299842027388259 57.611479305482582 56.901926783251639 56.175211306896422 55.436124089342826 54.690125620920149 53.943200795534743 53.201674219025307 52.472002475994401 51.760564658868518 51.073473545277288 50.416427176279143 49.794614953314579 49.212685145261332 48.674773449316518 48.184586182118807 47.745527299334086 47.360855524411434 47.033855627271890 46.768005303971215 46.567115275278908 46.435414843074781 46.377549091775720 46.398449915793122 46.503046066843538 46.695793999873437 46.980046698479093 47.357330386703509 47.826655282343602 48.384020408173448 49.022257381790823 49.731286209771376 50.498750467944539 51.310904135932766 52.153576094590164 53.013050966561252
57.912226623369840 57.373982054594265 56.802089624336119 56.196056194147772 55.555933358319166 54.882448310441490 54.177130956438987 53.442423692111277 52.681757490573482 51.899577190873693 51.101301281747688 50.293207703299814 49.482246942764213 48.675795420911449 47.881373237400453 47.106357854450806 46.357727113743678 45.641860617910822 44.964419331597597 44.330311890323863 43.743745363486475 43.208350112001817 42.727363591795651 42.303855854057076 41.940978529848529 41.642217276389268 41.411623065954515 41.253988963571352 41.174926261840682 41.180779982358068 41.278316421264336 41.474127640768053 41.773744782214479 42.180540586647602 42.694613827048791 43.311933825033186 44.024017501530963 44.818284858816092 45.679035650999609 46.588809650961160 47.529819295241943 48.485189232339899
53.999612646993526 53.443632987995407 52.849681589627380 52.216756114820036 51.544442082650463 50.833086669384194 50.083975980969470 49.299497844297022 48.483266675935326 47.640184006518581 46.776409951124748 45.899228986158114 45.016807920117550 44.137862673687437 43.271268925390181 42.425664469295349 41.609094200520161 40.828741075055270 40.090770855882383 39.400299956618134 38.761479357059756 38.177676750400444 37.651734580891215 37.186281985752373 36.784081029266197 36.448388607933758 36.183311532867876 35.994120348146176 35.887465307864382 35.871406832951472 35.955141638094275 36.148296623624816 36.459711326238690 36.895769643380845 37.458563584888566 38.144382502427376 38.943062869367786 39.838505018622435 40.810249069298706 41.835641744682853 42.892014339642273 43.958431950228750
50.123586784088864 49.551326600229096 48.936345153986487 48.276971407897193 47.572149049541430 46.821664960051784 46.026394679432073 45.188542060670571 44.311840136533746 43.401672693676737 42.465075215444557 41.510583515727319 40.547919950566559 39.587537556497452 38.640074034310025 37.715789982607070 36.824071108116243 35.973060455826321 35.169459405190516 34.418505071951138 33.724106333950132 33.089106456133834 32.515637698733222 32.005539083444297 31.560817682063821 31.184141105066683 30.879349039957077 30.651958988642654 30.509609379559691 30.462326999784427 30.522429157325149 30.703802500891648 31.020310234504866 31.483270843601343 32.098378144760808 32.862948945120777 33.764602798952822 34.782058264854463 35.887824578125446 37.051801241886906 38.244658614727520 39.440280457695636
46.288236061101493 45.701809848120554 45.067502599681063 44.382775323335217 43.645699298822947 42.855251863384908 42.011652773780774 41.116714105101991 40.174158739095212 39.189846141893916 38.171836571841212 37.130234315110002 36.076782053149842 35.024228866389308 33.985550100183183 32.973138356525183 31.998094484358901 31.069721713981899 30.195276338114098 29.379974468483109 28.627214246048542 27.938955000485720 27.316197822267100 26.759528471104854 26.269704865099474 25.848290185953140 25.498342498998781 25.225164988204149 25.037085228320127 24.946149261996442 24.968469605668009 25.123768370144973 25.433511239781971 25.917187183653837 26.587048971729622 27.442891820299977 28.469280464476235 29.636874312235797 30.907347250237436 32.239648471187280 33.595321261715767 34.941781096448196
42.497888589312723 41.900233776520054 41.249180273295615 40.541077793368395 39.772827560037143 38.942256591572189 38.048571444254172 37.092863473430519 36.078607668327585 35.012064410728051 33.902470265863172 32.761907189168106 31.604783645275287 30.446945714397096 29.304537940781323 28.192811844114754 27.125098282159772 26.112109476189470 25.161642432557041 24.278659689135054 23.465659855776984 22.723231116077876 22.050697600214306 21.446804731605734 20.910430425546828 20.441345265004795 20.041071486132438 19.713901531869251 19.468116421631926 19.317356380322376 19.281877464548788 19.389010655042174 19.671577728681989 20.162769572698636 20.887073552281407 21.849861232781457 23.031218770669049 24.388390678941164 25.865536938748974 27.405160257378256 28.956430106579472 30.479109941444808
38.757033673401523 38.152097985417434 37.487996401465246 36.759680000704726 35.962504894758794 35.092689636463234 34.147912774410479 33.128030768645644 32.035849230651827 30.877819021085514 29.664471468364013 28.410387511702442 27.133550922385382 25.854078739256636 24.592514325336623 23.368024697671562 22.196880648562345 21.091494929242167 20.060108590514439 19.107041209739290 18.233322824060547 17.437515022079218 16.716577589254015 16.066708529559996 15.484154279887202 14.966044738823339 14.511356179313445 14.122147536206020 13.805244191232820 13.574515972385957 13.453690832667682 13.479006985243622 13.699626268122655 14.171931268955763 14.944124944270371 16.034224293160854 17.415124138183330 19.019764285893181 20.762494625010230 22.560885029096731 24.348039778136048 26.075761240622306
35.070191505080949 34.463138196724266 33.791091145090078 33.047280622399875 32.225062133938380 31.318445467884164 30.322852543199126 29.236112247397482 28.059632745163718 26.799583763731817 25.467794557213029 24.081989028020370 22.665027712558857 21.243066171535979 19.842916698508837 18.489230029817918 17.202193246447489 15.996216801638880 14.879702560597234 13.855661439851463 12.922809330134164 12.076802706659755 11.311396823180212 10.619441422685213 9.9937337344225305 9.4278245423896383 8.9169380775228806 8.4592446501717831 8.0578375439577652 7.7239087350928841 7.4816825735607271 7.3752052396870660 7.4748814094142553 7.8759862696865817 8.6750754061403050 9.9206026999036627 11.572229938436202 13.513910046617816 15.606649773493009 17.731090760475141 19.801937260605953 21.765376239856483
31.441716505810131 30.839132468926714 30.165964949513207 29.413391759211976 28.572245994003207 27.633573237626059 26.589535264756137 25.434733910675181 24.167947570222527 22.794099992946812 21.326022243742997 19.785319497047052 18.201619638976151 16.609865663372759 15.046082720189542 13.542790948386809 12.125419807123460 10.810564950859650 9.6061043742477263 8.5125855950270033 7.5251385110026634 6.6353430551294910 5.8327584237180190 5.1060493993801117 4.4437843534033075 3.8350538435572057 3.2701147805119195 2.7413551616511453 2.2450643725133350 1.7848816498238520 1.3784939105899277 1.0700289889601429 0.94988680264583536 1.1739563053789883 1.9428358326394228 3.3869288643020212 5.4360264002997258 7.8612012767813564 10.425227087262671 12.960233324566287 15.367214679555923 17.594973632809861
27.875518361286282 27.285597446403958 26.620180018134839 25.868101191944078 25.017130837851198 24.054460588150015 22.967669642954242 21.746369085501563 20.384665964874461 18.884355596726863 17.258270639060154 15.532579589250131 13.746456970676565 11.948079115821837 10.187519921162369 8.5089040761505021 6.9446412212782862 5.5132835895204932 4.2206642310558777 3.0628569560219563 2.0294911236710567 1.1065329528783274 0.27823356310453917 -0.47169989255146660 -1.1595132232171421 -1.8011737062359305 -2.4122809239015153 -3.0078631818801904 -3.6016316933315924 -4.2037712733803669 -4.8150453913491376 -5.4117101897256887 -5.9086026223488517 -6.0826653766115353 -5.5052095443678439 -3.7818637385111096 -1.0740291123511483 2.0834493930850648 5.2846129609406489 8.3251855475330014 11.116568046232485 13.627791491748676
24.374688935222196 23.807346113410667 23.160870781551882 22.421592652549879 21.573761127810435 20.599783451001947 19.481040310242609 18.199680294584301 16.741857773802625 15.102683708309815 13.292403865118473 11.341868313909165 9.3038892848460062 7.2474167790013331 5.2449496716782695 3.3582577578233939 1.6287875911103105 7.5631032076956650E-002 -1.3006441377936753 -2.5118987900471756 -3.5768276062888669 -4.5170104420563684 -5.3546394815927529 -6.1115188070752060 -6.8089048432430488 -7.4678723053434330 -8.1100172561434611 -8.7583958049826940 -9.4386075076812705 -10.179751855369158 -11.014159274611210 -11.971463117243490 -13.048501609499901 -14.074829582930281 -14.229081232756347 -12.003533824294582 -7.9930884440399268 -3.7025366314030670 0.32241989105851410 3.9481166861673991 7.1507611438273528 9.9442475498577227
20.941034378966908 20.407887803324723 19.794009786258449 19.083315129398112 18.256339776996846 17.289959020664718 16.157644421120224 14.830904992084243 13.282934038154593 11.495665435602003 9.4706718094275821 7.2415069560555896 4.8804618751355440 2.4908084452913881 0.18297981920982864 -1.9535077286252365 -3.8665233632162428 -5.5409512105219916 -6.9880607335806868 -8.2334128828557276 -9.3079591400691282 -10.243020280593210 -11.068157031999906 -11.810791813799403 -12.496795509366109 -13.151632139943320 -13.801944500132841 -14.477701062355372 -15.215299431347667 -16.062485678452788 -17.086907360977662 -18.392278218650205 -20.150924537465254 -22.662438539395744 -25.981768762427407 -21.945736755927253 -14.995228813609746 -9.1721718676708992 -4.2268989795261263 -5.5076089063099687E-004 3.5969410490662934 6.6393348901219227
