validation/pond_uf_noflow/modaem_psi.grd
DSAA
    50    50
  -100.00       100.00    
  -100.00       100.00    
  -90.136       90.136    
[rows 19 to 37 of 50, columns 0 to 41 of 50]
17.574532627584603 17.088676225385786 16.523397875949815 15.860694704654692 15.077725706675713 14.145681664504522 13.028856845800492 11.684697767975170 10.066513797283163 8.1318390030542460 5.8600080507812740 3.2787224979537157 0.48698303779939933 -2.3515059794469453 -5.0571006773523095 -7.4952035327942497 -9.6048323477217270 -11.387124057351389 -12.878018316772462 -14.125714350087415 -15.178235961620857 -16.078573258996265 -16.863903856414048 -17.566616941144552 -18.216035348945461 -18.840446008950838 -19.469452809505949 -20.136964331940867 -20.885530756156296 -21.773584458348026 -22.889262156238125 -24.380633734590305 -26.533482630584693 -30.025487329933679 -37.095307608620260 -30.389259040531531 -20.837344816872157 -13.791317585084105 -8.0672196169222676 -3.3220441965188723 0.59855265279127856 3.8160859075396951
14.272767990401405 13.848257794066164 13.349408073606044 12.757341972490003 12.047014525563087 11.184977027784059 10.126563165784491 8.8129511656109774 7.1699038937225579 5.1132306212504393 2.5715468571681104 -29.773438279958960 -29.739768248154675 -29.706845196849493 -29.675210984483275 -13.376106626067358 -15.676053472628595 -17.526422497644173 -19.010934800191951 -20.212245747695516 -21.199684219381819 -22.028318820369606 -22.741750376327136 -23.375556443577310 -23.960486527226685 -24.525347257935103 -25.099824675883813 -25.717660669270074 -26.420844789009823 -27.266019301493088 -28.335529080878906 -29.758213075360079 -31.748695409611535 -34.655000289066848 -38.740035578895771 -2.4611651072711744 3.0172346569449040 6.9306591538208817 9.7366197333913824 -5.8216078948989178 -1.6968091800517930 1.5770834355591408
11.030432827632891 10.681440078293274 10.267623045959356 9.7708678176291563 9.1661529221267433 8.4182577790785587 7.4767420014873514 6.2685303076341015 4.6881476985682777 -34.320966939483796 -34.294785583440195 -34.268710176617304 -34.243012227393201 -34.218049120426969 -34.194290272089454 -34.172351875262997 -22.201706925785778 -24.030725127626287 -25.424552719471965 -26.510191632897264 -27.378016456528577 -28.091940589932531 -28.698427527391168 -29.233050539754409 -29.725144826318004 -30.201281915286849 -30.688156501913621 -31.215334259044880 -31.818205616294822 -32.541357197345938 -33.442139314982064 -34.592405128547384 -36.069126649722392 -37.901044843244875 -4.3236334199008049 -2.6082383070976896 1.3370831404145473 4.4523719871643568 6.8183930090347040 8.6010053920491671 9.9500847242504218 1.5387479015132044E-002
7.8390198106708375 7.5786737848187773 7.2676555957798508 6.8907006967939166 6.4260031813174621 5.8414657906473622 5.0882277129778588 4.0891487516249567 2.7180163132925705 -38.800575918772182 -38.782033942415531 -38.763618754823419 -38.745539801889571 -38.728072929516642 -38.711580872925360 -38.696540580524335 -38.683579865925942 -30.962866830184293 -32.140136455495785 -33.021602888136613 -33.707414966708718 -34.261237514755848 -34.725960747600610 -35.132628354108157 -35.505784251097168 -35.866951366626111 -36.237142889389631 -36.638835361752122 -37.097438428925400 -37.641690578291616 -38.301080456926897 -39.095261756128444 -40.003698091272781 -0.25195383562133422 -3.1137696502449153 -2.0636865629330750 0.53764092491346105 2.7329841279017142 4.4788209947307465 5.8300412690059646 6.8660415725264201 -0.80220646959358888
4.6868378494820995 4.5258864449238985 4.3325737512264739 4.0966314832715627 3.8030299844388362 3.4289052707304593 2.9378089194181425 2.2681953362366878 -43.291279529632952 -43.280223069699865 -43.269163901877704 -43.258202027526515 -43.247469590902099 -43.237140703996175 -43.227444504861282 -43.218682613486038 -43.211252601373140 -38.337495135522211 -39.141330243971566 -39.722915672278489 -40.165516820693838 -40.517751779030277 -40.810514482283637 -41.065239146515488 -41.298340727247826 -41.523851699243387 -41.755141337524812 -42.006049631933621 -42.291338044852417 -42.625737337937259 -43.019650235097345 -43.467112381194632 -43.917181988214324 -0.26956324394830666 -1.9279126619835942 -1.3169224610214805 0.18182846045887580 1.4775739714008091 2.5367560938966678 3.3727668308976568 4.0210775748898628 4.5207861815869066
1.5594504125850202 1.5049747758644019 1.4393619295026059 1.3589828518821814 1.2584572531599669 1.1294551426985557 0.95836032702310614 0.72130216181506579 -47.763554012902937 -47.759876998139298 -47.756201859705442 -47.752562768868422 -47.749004881247586 -47.745587707062775 -47.742389595706527 -47.739513737368782 -47.737096241015564 -47.735317067194593 -46.353939543557708 -46.557938091155513 -46.711240352229240 -46.832256298206083 -46.932315011183327 -47.019099034575554 -47.098391665232000 -47.175068063538880 -47.253708208617894 -47.338960232939563 -47.435598934185329 -47.547968973234966 -47.678023662831876 -47.820251027322541 0.38049221897690622 -0.10799423392794605 -0.64573677556021192 -0.45025867600919911 3.9047232439061830E-002 0.46706769703233020 0.82121113157586523 1.1034949562475400 1.3237802254011002 1.4941258854274717
-1.5594504125850872 -1.5049747758637397 -1.4393619295025315 -1.3589828518827181 -1.2584572531601204 -1.1294551426983979 -0.95836032702295593 -0.72130216181521167 47.763554012902908 47.759876998139205 47.756201859705122 47.752562768868358 47.749004881247537 47.745587707063102 47.742389595706555 47.739513737368604 47.737096241015557 47.735317067194579 46.353939543557765 46.557938091155641 46.711240352229410 46.832256298206012 46.932315011183313 47.019099034575525 47.098391665231937 47.175068063538809 47.253708208617851 47.338960232939506 47.435598934185293 47.547968973234909 47.678023662831819 47.820251027322470 -0.38049221897700036 0.10799423392785723 0.64573677556009113 0.45025867600908676 -3.9047232439159529E-002 -0.46706769703241058 -0.82121113157594161 -1.1034949562475875 -1.3237802254011508 -1.4941258854275081
-4.6868378494818792 -4.5258864449236285 -4.3325737512266045 -4.0966314832717892 -3.8030299844394815 -3.4289052707302798 -2.9378089194181243 -2.2681953362363068 43.291279529632796 43.280223069699296 43.269163901877349 43.258202027526721 43.247469590902163 43.237140703996538 43.227444504861545 43.218682613486259 43.211252601373374 38.337495135522062 39.141330243971559 39.722915672278631 40.165516820693753 40.517751779030341 40.810514482283601 41.065239146515552 41.298340727247862 41.523851699243373 41.755141337524776 42.006049631933621 42.291338044852381 42.625737337937203 43.019650235097281 43.467112381194568 43.917181988214239 0.26956324394819831 1.9279126619834823 1.3169224610213597 -0.18182846045895573 -1.4775739714008678 -2.5367560938967282 -3.3727668308976844 -4.0210775748899161 -4.5207861815869208
-7.8390198106711440 -7.5786737848183661 -7.2676555957795417 -6.8907006967939060 -6.4260031813177489 -5.8414657906475531 -5.0882277129770115 -4.0891487516247462 -2.7180163132932140 38.800575918771735 38.782033942415097 38.763618754823376 38.745539801888789 38.728072929516458 38.711580872924849 38.696540580524534 38.683579865925608 30.962866830184410 32.140136455495742 33.021602888136549 33.707414966708782 34.261237514755592 34.725960747600674 35.132628354108100 35.505784251097168 35.866951366626004 36.237142889389638 36.638835361752101 37.097438428925415 37.641690578291559 38.301080456926826 39.095261756128373 40.003698091272689 0.25195383562122764 3.1137696502447572 2.0636865629329293 -0.53764092491354099 -2.7329841279017728 -4.4788209947307740 -5.8300412690060091 -6.8660415725264716 0.80220646959354847
-11.030432827632410 -10.681440078292647 -10.267623045958979 -9.7708678176291386 -9.1661529221267948 -8.4182577790787612 -7.4767420014875539 -6.2685303076338386 -4.6881476985687591 34.320966939483462 34.294785583440643 34.268710176617425 34.243012227393592 34.218049120427011 34.194290272089539 34.172351875263118 22.201706925786027 24.030725127625917 25.424552719471954 26.510191632897119 27.378016456528567 28.091940589932427 28.698427527391079 29.233050539754377 29.725144826317944 30.201281915286817 30.688156501913564 31.215334259044845 31.818205616294808 32.541357197345903 33.442139314982036 34.592405128547313 36.069126649722335 37.901044843244719 4.3236334199007089 2.6082383070976078 -1.3370831404146433 -4.4523719871643888 -6.8183930090347395 -8.6010053920491778 -9.9500847242505213 -1.5387479015149808E-002
-14.272767990401899 -13.848257794066866 -13.349408073605991 -12.757341972489968 -12.047014525562997 -11.184977027784475 -10.126563165784098 -8.8129511656112971 -7.1699038937216990 -5.1132306212507510 -2.5715468571684497 29.773438279958409 29.739768248154267 29.706845196849851 29.675210984483751 13.376106626067417 15.676053472628816 17.526422497644436 19.010934800191826 20.212245747695796 21.199684219382011 22.028318820369808 22.741750376327055 23.375556443577352 23.960486527226614 24.525347257935103 25.099824675883760 25.717660669270014 26.420844789009802 27.266019301493060 28.335529080878857 29.758213075360043 31.748695409611507 34.655000289066763 38.740035578895686 2.4611651072710963 -3.0172346569449751 -6.9306591538209119 -9.7366197333913949 5.8216078948988947 1.6968091800517726 -1.5770834355591825
-17.574532627584652 -17.088676225385154 -16.523397875949783 -15.860694704653898 -15.077725706675389 -14.145681664504540 -13.028856845800043 -11.684697767975301 -10.066513797283580 -8.1318390030538179 -5.8600080507812811 -3.2787224979534866 -0.48698303779926166 2.3515059794464133 5.0571006773524712 7.4952035327939663 9.6048323477215121 11.387124057351413 12.878018316772318 14.125714350087271 15.178235961620887 16.078573258996236 16.863903856413998 17.566616941144556 18.216035348945400 18.840446008950799 19.469452809505945 20.136964331940856 20.885530756156285 21.773584458348061 22.889262156238090 24.380633734590290 26.533482630584693 30.025487329933693 37.095307608620274 30.389259040531492 20.837344816872147 13.791317585084105 8.0672196169222552 3.3220441965188883 -0.59855265279130165 -3.8160859075397102
-20.941034378966769 -20.407887803324449 -19.794009786258780 -19.083315129399175 -18.256339776996871 -17.289959020665044 -16.157644421120462 -14.830904992084690 -13.282934038154412 -11.495665435602159 -9.4706718094274525 -7.2415069560554652 -4.8804618751359889 -2.4908084452912309 -0.18297981920951800 1.9535077286251821 3.8665233632161087 5.5409512105220653 6.9880607335807223 8.2334128828556885 9.3079591400692099 10.243020280593260 11.068157031999897 11.810791813799261 12.496795509366105 13.151632139943263 13.801944500132800 14.477701062355381 15.215299431347608 16.062485678452738 17.086907360977658 18.392278218650230 20.150924537465240 22.662438539395755 25.981768762427478 21.945736755927328 14.995228813609778 9.1721718676709081 4.2268989795261032 5.5076089057770616E-004 -3.5969410490662845 -6.6393348901219174
-24.374688935221904 -23.807346113410240 -23.160870781551687 -22.421592652548959 -21.573761127811068 -20.599783451001997 -19.481040310243401 -18.199680294584255 -16.741857773803002 -15.102683708309957 -13.292403865118036 -11.341868313909437 -9.3038892848460897 -7.2474167790012984 -5.2449496716783095 -3.3582577578234587 -1.6287875911103065 -7.5631032076920679E-002 1.3006441377937676 2.5118987900472667 3.5768276062888562 4.5170104420562796 5.3546394815927529 6.1115188070750595 6.8089048432429493 7.4678723053434224 8.1100172561434221 8.7583958049827437 9.4386075076812812 10.179751855369073 11.014159274611194 11.971463117243470 13.048501609499944 14.074829582930320 14.229081232756400 12.003533824294632 7.9930884440400014 3.7025366314030865 -0.32241989105852475 -3.9481166861673707 -7.1507611438273351 -9.9442475498577174
-27.875518361286247 -27.285597446403060 -26.620180018134281 -25.868101191944071 -25.017130837851084 -24.054460588149528 -22.967669642954206 -21.746369085501904 -20.384665964873818 -18.884355596726945 -17.258270639060576 -15.532579589250075 -13.746456970676393 -11.948079115822328 -10.187519921162338 -8.5089040761508805 -6.9446412212784470 -5.5132835895204693 -4.2206642310557871 -3.0628569560218741 -2.0294911236711441 -1.1065329528784922 -0.27823356310449032 0.47169989255142486 1.1595132232171554 1.8011737062359128 2.4122809239014735 3.0078631818801762 3.6016316933315586 4.2037712733804025 4.8150453913491038 5.4117101897256923 5.9086026223488446 6.0826653766115584 5.5052095443678937 3.7818637385110865 1.0740291123511625 -2.0834493930850151 -5.2846129609406844 -8.3251855475329855 -11.116568046232519 -13.627791491748766
-31.441716505810835 -30.839132468926195 -30.165964949512979 -29.413391759211805 -28.572245994003879 -27.633573237626027 -26.589535264756613 -25.434733910675412 -24.167947570222228 -22.794099992946698 -21.326022243742845 -19.785319497047009 -18.201619638976130 -16.609865663373117 -15.046082720189425 -13.542790948386443 -12.125419807123352 -10.810564950859618 -9.6061043742478347 -8.5125855950270974 -7.5251385110026883 -6.6353430551296073 -5.8327584237179551 -5.1060493993801268 -4.4437843534031627 -3.8350538435572590 -3.2701147805119311 -2.7413551616512075 -2.2450643725133528 -1.7848816498238413 -1.3784939105898886 -1.0700289889601038 -0.94988680264584247 -1.1739563053789386 -1.9428358326393766 -3.3869288643019750 -5.4360264002997081 -7.8612012767812658 -10.425227087262630 -12.960233324566310 -15.367214679555930 -17.594973632809808
-35.070191505081418 -34.463138196724231 -33.791091145090363 -33.047280622399533 -32.225062133939247 -31.318445467884754 -30.322852543199033 -29.236112247397511 -28.059632745163729 -26.799583763731238 -25.467794557212805 -24.081989028020793 -22.665027712558839 -21.243066171536274 -19.842916698508485 -18.489230029817914 -17.202193246447351 -15.996216801638989 -14.879702560597259 -13.855661439851216 -12.922809330134166 -12.076802706659784 -11.311396823180221 -10.619441422685197 -9.9937337344225732 -9.4278245423896330 -8.9169380775228078 -8.4592446501719127 -8.0578375439577901 -7.7239087350928131 -7.4816825735607360 -7.3752052396871228 -7.4748814094142055 -7.8759862696866527 -8.6750754061403548 -9.9206026999037000 -11.572229938436177 -13.513910046617774 -15.606649773493002 -17.731090760475080 -19.801937260605957 -21.765376239856511
-38.757033673401580 -38.152097985416844 -37.487996401464386 -36.759680000705281 -35.962504894758830 -35.092689636463582 -34.147912774410671 -33.128030768645019 -32.035849230651976 -30.877819021085312 -29.664471468364283 -28.410387511702478 -27.133550922385606 -25.854078739256710 -24.592514325336690 -23.368024697671597 -22.196880648562377 -21.091494929242131 -20.060108590514353 -19.107041209739283 -18.233322824060664 -17.437515022079282 -16.716577589254012 -16.066708529560017 -15.484154279887266 -14.966044738823392 -14.511356179313456 -14.122147536206082 -13.805244191232816 -13.574515972385955 -13.453690832667744 -13.479006985243590 -13.699626268122547 -14.171931268955831 -14.944124944270287 -16.034224293160875 -17.415124138183231 -19.019764285893110 -20.762494625010362 -22.560885029096674 -24.348039778135973 -26.075761240622398
-42.497888589313249 -41.900233776519649 -41.249180273295956 -40.541077793367883 -39.772827560036681 -38.942256591571301 -38.048571444254286 -37.092863473431002 -36.078607668327777 -35.012064410727838 -33.902470265863258 -32.761907189167793 -31.604783645275262 -30.446945714397270 -29.304537940781110 -28.192811844114679 -27.125098282159890 -26.112109476189346 -25.161642432556995 -24.278659689134955 -23.465659855776998 -22.723231116078022 -22.050697600214395 -21.446804731605546 -20.910430425546831 -20.441345265004784 -20.041071486132502 -19.713901531869155 -19.468116421632033 -19.317356380322440 -19.281877464548884 -19.389010655042238 -19.671577728681918 -20.162769572698672 -20.887073552281457 -21.849861232781379 -23.031218770669128 -24.388390678941160 -25.865536938748985 -27.405160257378192 -28.956430106579319 -30.479109941444772
