validation/pond_uf_noflow/modaem_qx.grd
DSAA
    50    50
  -100.00       100.00    
  -100.00       100.00    
  0.43490E-01   3.6071    
[rows 0 to 18 of 50, columns 0 to 42 of 50]
1.0043616105354007 1.0086443439020609 1.0133331698321180 1.0184323818099503 1.0239397253982039 1.0298454779743254 1.0361317080417767 1.0427717942912955 1.0497302766972341 1.0569630933021068 1.0644182270928364 1.0720367495974319 1.0797542056635692 1.0875022430208998 1.0952103570256435 1.1028076011922010 1.1102241116947509 1.1173923103244925 1.1242476839740183 1.1307290858457517 1.1367785591593607 1.1423407428133316 1.1473619754110207 1.1517892652038337 1.1555693350560405 1.1586479791374780 1.1609699758408130 1.1624797817231856 1.1631231755581743 1.1628499232121878 1.1616173926813984 1.1593948751799050 1.1561681881900219 1.1519439887578875 1.1467531543900671 1.1406526305531397 1.1337253098667375 1.1260777764793468 1.1178360656427988 1.1091398820453173 1.1001359257916494 1.0909710532402130 1.0817859485114094
1.0011104508103232 1.0055318372336324 1.0104101209445631 1.0157538408929572 1.0215640791514695 1.0278332303245516 1.0345439725309102 1.0416685528618619 1.0491684938164088 1.0569948050585334 1.0650887462736069 1.0733831343364713 1.0818041272019288 1.0902733564140821 1.0987102297198739 1.1070341940227841 1.1151667430561583 1.1230329756885191 1.1305625571714153 1.1376900008014221 1.1443542635080863 1.1504977281086508 1.1560647213300737 1.1609997861033285 1.1652459860758766 1.1687435659367249 1.1714293161267055 1.1732369833564902 1.1740990134893461 1.1739497947200856 1.1727303775271660 1.1703943914929924 1.1669145915204793 1.1622892085945244 1.1565471311432005 1.1497509724322827 1.1419973185164989 1.1334138696157150 1.1241536935516843 1.1143872777258852 1.1042933816080605 1.0940497910592699 1.0838249625214651
0.99741626563002339 1.0019614114115207 1.0070203904437400 1.0126073281912871 1.0187278918116147 1.0253776413340150 1.0325405972331720 1.0401881830950566 1.0482787002219593 1.0567574661548507 1.0655576988437794 1.0746021549848701 1.0838054428314503 1.0930768394401835 1.1023233652739688 1.1114528198947153 1.1203764711444295 1.1290111196659134 1.1372803262466342 1.1451146809037855 1.1524510970716213 1.1592312201546886 1.1653991394010299 1.1708986823906800 1.1756706521934515 1.1796504375304444 1.1827664799347553 1.1849401034844318 1.1860871759710261 1.1861219423310725 1.1849631233852482 1.1825420003530549 1.1788117473138549 1.1737568242474632 1.1674009402164855 1.1598120778670502 1.1511034128644828 1.1414296269847930 1.1309789420034615 1.1199619653030639 1.1085989304556854 1.0971070307232174 1.0856893033821953
0.99322826965240385 0.99787603101251443 1.0031012896086089 1.0089254991690424 1.0153605848876555 1.0224067315883192 1.0300503862320187 1.0382626970198006 1.0469986198239720 1.0561968977540950 1.0657810554794134 1.0756614479923547 1.0857382746216142 1.0959053328671513 1.1060541677753917 1.1160781949923428 1.1258763557994365 1.1353559047354538 1.1444340262463351 1.1530381079570506 1.1611046430217271 1.1685768743721467 1.1754014195627407 1.1815242258001293 1.1868863069138504 1.1914198143363246 1.1950450916556536 1.1976694393923768 1.1991883330358102 1.1994897316154360 1.1984618188112466 1.1960039930814332 1.1920401980106661 1.1865328972842486 1.1794953920735352 1.1710000265056180 1.1611803092000130 1.1502260595147953 1.1383720826399086 1.1258821587254777 1.1130309115658692 1.1000862236221296 1.0872943636745045
0.98849066608208058 0.99321194155484394 0.99858164928319670 1.0046308314751515 1.0113799152622842 1.0188357454518320 1.0269887957921939 1.0358108680974878 1.0452536179449876 1.0552482270993775 1.0657064635529510 1.0765232285236297 1.0875805000150849 1.0987523746170265 1.1099107234959227 1.1209308552418702 1.1316965453626764 1.1421038565470014 1.1520633192060008 1.1615002354790640 1.1703530742279111 1.1785701095787500 1.1861046076688786 1.1929089903657835 1.1989285199866637 1.2040951787992806 1.2083225748549775 1.2115028786747362 1.2135069286290650 1.2141886322646387 1.2133944968189996 1.2109784202623317 1.2068207439156795 1.2008491899427958 1.1930580994921005 1.1835218985101010 1.1723993697663444 1.1599271077079130 1.1464029596639993 1.1321624719828585 1.1175526145216419 1.1029070520677875 1.0885261904417092
0.98314255645157789 0.98789814058749437 0.99338076766849992 0.99963399381841733 1.0066897573365525 1.0145644041362576 1.0232547934369480 1.0327349100708139 1.0429534788556860 1.0538330781517007 1.0652711577722798 1.0771431712647088 1.0893077510339788 1.1016135329224521 1.1139069418463978 1.1260400515262183 1.1378775783188477 1.1493021727977129 1.1602174025445458 1.1705481156595710 1.1802381697985502 1.1892457552677826 1.1975367132906833 1.2050763670641758 1.2118204858466626 1.2177061451654194 1.2226434742755741 1.2265096040995189 1.2291464852645329 1.2303644781628429 1.2299534642492596 1.2277023883625193 1.2234264341527965 1.2169986313737957 1.2083802903043945 1.1976433568107925 1.1849785732865823 1.1706864003770319 1.1551520315405397 1.1388097966949495 1.1221042920333542 1.1054551976095712 1.0892305671114137
0.97711809347303258 0.98185599561628367 0.98740735795590351 0.99383201838144586 1.0011774546480960 1.0094734801217293 1.0187268116570649 1.0289160882683983 1.0399880609903982 1.0518557244263087 1.0643990672445904 1.0774688539046784 1.0908934291135972 1.1044880302576086 1.1180656150325983 1.1314478854026651 1.1444751040300383 1.1570134749411460 1.1689592384463270 1.1802390998163308 1.1908070509577089 1.2006379668093252 1.2097185348410466 1.2180361401331365 1.2255663609144283 1.2322598359218055 1.2380295488212010 1.2427401002755427 1.2462012742237394 1.2481689501520250 1.2483567306227175 1.2464609008436920 1.2421989144766259 1.2353574608595284 1.2258413753637194 1.2137114146370471 1.1991995936722173 1.1826961667561682 1.1647105659985821 1.1458159881985848 1.1265906523638853 1.1075672785156030 1.0891977329778200
0.97034702189486588 0.97499914821706357 0.98055860566810804 0.98710632752057748 0.99471070156842123 1.0034205381734680 1.0132575157706414 1.0242088702078451 1.0362213650662180 1.0491977340279364 1.0629967240876337 1.0774375196450927 1.0923086954147232 1.1073810358127105 1.1224227657231534 1.1372151883039805 1.1515665876130452 1.1653225638050211 1.1783716146890726 1.1906455490254197 1.2021149930079920 1.2127806814625515 1.2226613701099842 1.2317791321657217 1.2401426545227374 1.2477291097748129 1.2544654468544576 1.2602106891674123 1.2647421328671984 1.2677500341522794 1.2688468431352493 1.2675970671089754 1.2635708647019324 1.2564175610094519 1.2459457112091241 1.2321884693266478 1.2154325544021862 1.1961988176839538 1.1751786605972612 1.1531449057072727 1.1308610851249694 1.1090085637455163 1.0881410357378229
0.96275581465465865 0.96723391974630302 0.97271952694373576 0.97932073760499694 0.98713395860225905 0.99623468008309235 1.0066670287644552 1.0184330716596415 1.0314833389972813 1.0457103987508729 1.0609473622541952 1.0769727702439167 1.0935223584704725 1.1103068814197155 1.1270338230753123 1.1434298699229088 1.1592607909871215 1.1743459349374847 1.1885656947915548 1.2018616000496434 1.2142297658147383 1.2257090040231702 1.2363649416238296 1.2462711312643890 1.2554876232182441 1.2640370814981117 1.2718785910919230 1.2788801677131014 1.2847929796202842 1.2892335255632541 1.2916838773981163 1.2915226269172990 1.2880968569889939 1.2808347034871819 1.2693791342934313 1.2537045244058453 1.2341724988169716 1.2115014752487570 1.1866582541223123 1.1607093836502769 1.1346781502949095 1.1094399520908709 1.0856673306734039
0.95426969321516597 0.95846054248964652 0.96376294541058027 0.97031968768689714 0.97826449743825017 0.98771015296607034 0.99873417371593731 1.0113632492415279 1.0255584289862729 1.0412038666337231 1.0581022463589278 1.0759795640174472 1.0945005193277439 1.1132935837972728 1.1319824445945119 1.1502188095194070 1.1677111558817552 1.1842450669935571 1.1996928754178597 1.2140126156039110 1.2272380160520504 1.2394620164531078 1.2508160789032892 1.2614466650833507 1.2714890748513989 1.2810377926094645 1.2901119936421732 1.2986154803303127 1.3062928275999870 1.3126887722827740 1.3171260333350263 1.3187255156427176 1.3164954793026442 1.3095022793879634 1.2970987285390647 1.2791397904565835 1.2560939946988123 1.2289927186810037 1.1992351005978512 1.1683301076282078 1.1376671188472365 1.1083692562394554 1.0812366005426139
0.94481592213002730 0.94857568923899960 0.95355059615316884 0.95992714953721825 0.96788835359631964 0.97759877200638112 0.98918522715581825 1.0027143189868815 1.0181694157707790 1.0354313048328012 1.0542676951571470 1.0743364957897823 1.0952057336719867 1.1163892783567986 1.1373932683841654 1.1577649278182742 1.1771347201662825 1.1952448380029239 1.2119609184355444 1.2272679514110711 1.2412541592482644 1.2540875344779716 1.2659889262074882 1.2772037095046278 1.2879718332234937 1.2984939225254000 1.3088895246114931 1.3191431637562452 1.3290359221597279 1.3380670908359473 1.3453847365335430 1.3497657368813600 1.3497052161017147 1.3436669742227578 1.3304809133794728 1.3097600972152470 1.2821340464107522 1.2491575886069592 1.2129368303263566 1.1756618078147565 1.1392352161484907 1.1050803057454235 1.0741085363980976
0.93432888285472881 0.93747696927996160 0.94193614353604005 0.94794701392257019 0.95575680110896555 0.96560134010150678 0.97767967604815009 0.99212204032581941 1.0089543709168267 1.0280654601877961 1.0491852913078386 1.0718836494167174 1.0955952822881350 1.1196715714271286 1.1434506966240732 1.1663320223688307 1.1878389866750287 1.2076588769239183 1.2256554135952153 1.2418574933899926 1.2564319722812647 1.2696491578698907 1.2818475787875148 1.2934010745643401 1.3046874596149629 1.3160544687387790 1.3277754569870730 1.3399846300718927 1.3525808159691011 1.3650940238942542 1.3765283316623298 1.3852375234170187 1.3889526368996545 1.3851154402773576 1.3715773709427361 1.3474485844375605 1.3136189092841386 1.2725774188221131 1.2276393988063037 1.1820605409965941 1.1384436917140297 1.0985327553054127 1.0632757015552843
0.92275754244128938 0.92507029405857122 0.92877128618329652 0.93416627687942488 0.94158456112370947 0.95135875367999978 0.96379265522613466 0.97911663108328073 0.99743352239702865 1.0186634034242799 1.0425010746984251 1.0684030858250493 1.0956178490769120 1.1232615679391358 1.1504272864372658 1.1763015816445508 1.2002604181619159 1.2219242450052621 1.2411675493754339 1.2580918796697038 1.2729783651026438 1.2862353698119728 1.2983518784238324 1.3098608072881814 1.3213106266443138 1.3332387364228866 1.3461350930916478 1.3603784809604671 1.3761204723235165 1.3930875394174203 1.4102843855277951 1.4256434862495899 1.4358147015802785 1.4364841228309264 1.4235836820231489 1.3951232199306243 1.3524557172934939 1.2998737812139094 1.2428621550260801 1.1863465873710388 1.1338107049922137 1.0872284227150271 1.0473882820388136
0.91007599854248233 0.91128126071390503 0.91391662087669057 0.91836313877074316 0.92505197513472615 0.93444450953768998 0.94699436871222786 0.96308750963098577 0.98296130420888295 1.0066125943915689 1.0337164718866569 1.0635867439645346 1.0952073711289152 1.1273457805414129 1.1587280799732884 1.1882286860994820 1.2150202487483155 1.2386485434937695 1.2590286960776520 1.2763851238027661 1.2911673707394347 1.3039691453961268 1.3154662781690885 1.3263780455549063 1.3374483168163165 1.3494376472687282 1.3631121352385147 1.3792058813426153 1.3983169905446531 1.4206698897233361 1.4456501117497200 1.4710487574832232 1.4921959511303691 1.5017843508016910 1.4917631905611481 1.4575385979083952 1.4014017078900107 1.3314768685812610 1.2573243503650924 1.1863913910683008 1.1230256646433501 1.0690523830580148 1.0246870831668895
0.89629772684941378 0.89607187554432921 0.89725949997967391 0.90032322676993926 0.90581503123372420 0.91436229134364411 0.92662840617418540 0.94323740280364121 0.96465680634069229 0.99104691804998268 1.0221080555270197 1.0569820823206135 1.0942717858086111 1.1322120317829809 1.1689625343778416 1.2029293465373136 1.2330065146181275 1.2586731692069602 1.2799509351814515 1.2972759921260499 1.3113498478533050 1.3230142294496934 1.3331698151814706 1.3427396105301530 1.3526685248143353 1.3639477743123374 1.3776507935550810 1.3949599730302920 1.4171409146554850 1.4453654722260778 1.4801728140804777 1.5202047946962973 1.5599256055655895 1.5872820429199077 1.5854541420134645 1.5429515125213555 1.4643297224629988 1.3668689222503612 1.2680085111040489 1.1784437334384799 1.1025871307315571 1.0411288502099778 0.99298156715209951
0.88149385523305335 0.87946387501969470 0.87874158025519644 0.87986850511204950 0.88352965549555440 0.89055588288357102 0.90189453423835098 0.91852588405216773 0.94130348733890423 0.97071372108445453 1.0065923314557661 1.0478966808257015 1.0926722423078816 1.1383115581360359 1.1820664245136563 1.2216213087909287 1.2554961128835114 1.2831562511231756 1.3048692942608489 1.3214401183639235 1.3339503423348849 1.3435708155933965 1.3514620994830004 1.3587494265026985 1.3665522589627124 1.3760535004401790 1.3886008201121394 1.4058358244328275 1.4298354706996850 1.4631946745800501 1.5087947786327467 1.5684896942757278 1.6389212734752052 1.7027455017399016 1.7230520957773408 1.6669261450728177 1.5458461053387909 1.4023072097612292 1.2683158228638534 1.1561962596802056 1.0674795996846831 0.99979127571892712 0.94973480106879882
0.86581506326953273 0.86156930469269244 0.85839873781332765 0.85690471254832223 0.85790011774072172 0.86244472537629568 0.87184930210503786 0.88760844932004734 0.91120781871374812 0.94376018664963712 0.98548999472832677 1.0352232979398308 1.0901835414253336 1.1463730537592109 1.1995186050480608 1.2461584578387357 1.2843373512371787 1.3136755197286161 1.3349736822599478 1.3496771380802897 1.3594367842210313 1.3658492189084515 1.3703563193707615 1.3742534422850590 1.3787642369869186 1.3851615888806945 1.3949366181152010 1.4100398752601102 1.4332428368684424 1.4686849907951303 1.5226101101883964 1.6037749619126693 1.7203709539816567 1.8611145233518602 1.9470243345375597 1.8619157447600756 1.6465161385050822 1.4245457576838514 1.2451075837448604 1.1100111638494816 1.0112180433554312 0.94083400984139376 0.89232840725294238
0.84951535973704284 0.84262745193898714 0.83641477377462825 0.83149341544656052 0.82876510020035288 0.82950773571569114 0.83545305548071147 0.84879358690059192 0.87201184577097046 0.90738772921623656 0.95609911865182151 1.0171013035680145 1.0864150018135863 1.1576265522157150 1.2237473045435387 1.2794327999054123 1.3222193308025361 1.3523386402139710 1.3717015649426607 1.3828443708300446 1.3882417041090898 1.3900068024045809 1.3898473949964485 1.3891507641639791 1.3891241455387999 1.3909653539155735 1.3960757721030395 1.4063654730272841 1.4247620761340256 1.4561687127479042 1.5094300431999061 1.6015620285337842 1.7661859438720129 2.0560622477436956 2.3853697265476308 2.1992479617831666 1.7342295372473420 1.3976440890642472 1.1766820140000893 1.0277094701691125 0.92679070158082810 0.86019555186036190 0.81854118386920482
0.83297391225682671 0.82304421364831393 0.81318670671810300 0.80395196695895677 0.79623646870031961 0.79144953893255754 0.79171901962063451 0.80007983050123044 0.82048336248391474 0.85729964344020249 0.91389121165995746 0.99021689000214719 1.0806404332324522 1.1742782533709426 1.2589371117627397 1.3260789341276142 1.3730467725215634 1.4018501439128916 1.4166279118515348 1.4216898777801217 1.4206079899898938 1.4160341900226021 1.4098450191681227 1.4033754933086906 1.3976478639816414 1.3935796067914799 1.3921941119329033 1.3948886258845645 1.4038716616526170 1.4230359700824176 1.4600007470884333 1.5317026633271797 1.6832058766784037 2.0758208230790327 3.6071352606930862 2.6168926775446106 1.6413116596600601 1.2588101250406964 1.0398358038366480 0.89885502069925494 0.80866451397161054 0.75496813257502482 0.72716703063929489
