validation/pond_uf_noflow/modaem_head.grd
DSAA
    50    50
  -100.00       100.00    
  -100.00       100.00    
   99.754       100.00    
[rows 0 to 18 of 50, columns 0 to 42 of 50]
99.988995174087734 99.984887135438925 99.980760789951233 99.976614469284243 99.972446500601407 99.968255235221605 99.964039080688025 99.959796535356830 99.955526224293095 99.951226935001529 99.946897651356011 99.942537584067523 99.938146196170280 99.933723222316658 99.929268681137941 99.924782880500445 99.920266416109925 99.915720164508329 99.911145271997228 99.906543141346376 99.901915418257417 99.897263979430633 99.892590923721670 99.887898567294002 99.883189442899265 99.878466302502787 99.873732121481595 99.868990101653409 99.864243669577817 99.859496466066091 99.854752322822890 99.850015222777472 99.845289242029423 99.840578473385420 99.835886933974052 99.831218462006788 99.826576609907804 99.821964542289919 99.817384947292581 99.812839968565712 99.808331162916332 99.803859485778744 99.799425303766725
99.989385125021229 99.985290089930999 99.981176079953116 99.977041210460470 99.972883576750320 99.968701287041497 99.964492500121253 99.960255466588663 99.955988572188687 99.951690381336448 99.947359678659879 99.942995506305337 99.938597194901504 99.934164386477391 99.929697048261716 99.925195477090625 99.920660295028682 99.916092437652551 99.911493137153016 99.906863902884439 99.902206502176412 99.897522944085608 99.892815468312222 99.888086540751942 99.883338856137286 99.878575346989152 99.873799196718579 99.869013853297687 99.864223038617467 99.859430747699179 99.854641231606223 99.849858958504441 99.845088549046821 99.840334685122514 99.835601994731960 99.830894919734035 99.826217576649654 99.821573622779496 99.816966140044116 99.812397547071328 99.807869546544509 99.803383110455286 99.798938501575407
99.989792202201798 99.985712011187445 99.981612225975866 99.977490717876407 99.973345317223789 99.969173851314622 99.964974188684451 99.960744288520843 99.956482253357066 99.952186382593624 99.947855223948750 99.943487619749845 99.939082745118313 99.934640135612668 99.930159702753002 99.925641736970078 99.921086898769062 99.916496200106224 99.911870978989725 99.907212871002542 99.902523781729343 99.897805863919302 99.893061502646958 99.888293310773165 99.883504135701358 99.878697076806262 99.873875511039003 99.869043122178496 99.864203927184363 99.859362291418392 99.854522923571778 99.849690841477027 99.844871302043089 99.840069692506034 99.835291385727402 99.830541568509105 99.825825057477687 99.821146120583464 99.816508322633908 99.811914410325016 99.807366246659100 99.802864797807857 99.798410168935717
99.990216800686738 99.986153514447409 99.982070087862411 99.977964117159928 99.973833129680983 99.969674627323243 99.965486138646838 99.961265278320823 99.957009811655468 99.952717721061489 99.948387270554491 99.944017064042157 99.939606093225123 99.935153771587281 99.930659952123591 99.926124928034525 99.921549417400186 99.916934534583504 99.912281752562947 99.907592861373857 99.902869928247327 99.898115264857921 99.893331406367736 99.888521105750243 99.883687345239920 99.878833364705145 99.873962704286910 99.869079255824943 99.864187314563452 99.859291619758253 99.854397370734489 99.849510204540934 99.844636123525390 99.839781366484857 99.834952225312747 99.830154818968268 99.825394845851847 99.820677341683634 99.816006470810208 99.811385374078412 99.806816087320229 99.802299533580950 99.797835582191425
99.990659217281561 99.986615140603419 99.982550482128005 99.978462528734482 99.974348461252006 99.970205403856127 99.966030485308409 99.961820910695764 99.957574040989783 99.953287476382698 99.948959138190062 99.944587343396179 99.940170865886813 99.935708979209195 99.931201477308804 99.926648671948371 99.922051368092994 99.917410821059349 99.912728681302951 99.908006934089443 99.903247841843523 99.898453896713320 99.893627789943679 99.888772403148764 99.883890824588931 99.878986391081355 99.874062753109769 99.869123956951867 99.864174533241311 99.859219576688304 99.854264797559750 99.849316523400347 99.844381631116178 99.839467396404530 99.834581259829022 99.829730524799061 99.824922018429831 99.820161756887543 99.815454658575604 99.810804340500596 99.806213017860543 99.801681509048407 99.797209332692347
99.991119617444141 99.987097324337043 99.983054153297971 99.978987044620951 99.974892783202364 99.970768054037535 99.966609513904714 99.962413878070237 99.958178018949880 99.953899071607879 99.949574539098521 99.945202389365789 99.940781135110740 99.936309888981640 99.931788388671592 99.927216989765995 99.922596627965305 99.917928755983951 99.913215263404638 99.908458389650178 99.903660640888702 99.898824721229573 99.893953487258898 99.889049933075285 99.884117210668649 99.879158687684381 99.874178041068760 99.869179380416327 99.864167388743226 99.859147461041559 99.854125813334761 99.849109529248267 99.844106510586585 99.839125306416776 99.834174813302511 99.829263865439557 99.824400760829249 99.819592789000779 99.814845829460850 99.810164076079516 99.805549916023665 99.801003961894111 99.796525211325303
99.991597993834418 99.987600353087956 99.983581735761504 99.979538696141518 99.975467567769229 99.971364524592303 99.967225664194629 99.963047112502906 99.958825146695986 99.954556329959843 99.950237648719963 99.945866640701510 99.941441501298044 99.936961156786623 99.932425296034381 99.927834357130578 99.923189471024003 99.918492369701397 99.913745270735248 99.908950752550268 99.904111635385647 99.899230881980770 99.894311530046593 99.889356666147819 99.884369448020820 99.879353179505259 99.874311438656576 99.869248254352058 99.864168318841777 99.859077212704562 99.853981605319319 99.848889381263646 99.843809636685009 99.838752496859684 99.833728732136194 99.828749192709523 99.823824131803235 99.818962523435374 99.814171488688800 99.809455918962897 99.804818336646179 99.800258982036539 99.795776076960934
99.992094114619746 99.988124314379277 99.984133703147094 99.980118409192215 99.976074253803361 99.971996816570226 99.967881530642686 99.963723808637752 99.959519196161281 99.955263545306451 99.950953195668092 99.946585146413682 99.942157200972829 99.937668066925056 99.933117398032209 99.928505772539907 99.923834610490260 99.919106041041005 99.914322737028911 99.909487737284707 99.904604277454979 99.899675648044507 99.894705095182218 99.889695776296890 99.884650780078786 99.879573217742717 99.874466389848806 99.869334028160026 99.864180603052546 99.859011671790142 99.853834220999232 99.848656931149634 99.843490270837506 99.838346328807290 99.833238326371458 99.828179825106574 99.823183735686115 99.818261305766569 99.813421281578940 99.808669389095925 99.804008190120129 99.799437277289272 99.794953712131274
99.992607459372479 99.988669028464059 99.984710301341266 99.980726942548586 99.976714196405169 99.972666953029886 99.968579854753074 99.964447446095519 99.960264365492804 99.956025570130649 99.951726577542587 99.947363700647983 99.942934248766448 99.938436667725895 99.933870598349472 99.929236843618682 99.924537248310003 99.919774507694797 99.914951931084246 99.910073190043860 99.905142080169981 99.900162320980030 99.895137412891714 99.890070565412515 99.884964707685640 99.879822591509679 99.874646996691467 99.869441046560695 99.864208633697871 99.858954937424031 99.853686981210970 99.848414130776632 99.843148384424836 99.837904283792412 99.832698311628121 99.827547763396439 99.822469253793628 99.817477168088871 99.812582405683457 99.807791664028557 99.803107332109818 99.798527896849038 99.794048675587931
99.993137140208134 99.989233962680771 99.985311460211534 99.981364803085953 99.977388593705570 99.973376926895284 99.969323503937062 99.965221808121214 99.961065343134834 99.956847925692031 99.952564011513530 99.948209021611447 99.943779627492063 99.939273953053259 99.934691659671245 99.930033898298646 99.925303134195815 99.920502870319211 99.915637309152913 99.910710997345589 99.905728493691569 99.900694092037156 99.895611620697039 99.890484332369525 99.885314895315929 99.880105498024136 99.874858084341113 99.869574740795812 99.864258256489492 99.858912858987736 99.853545085117531 99.848164665078627 99.842785191376251 99.837424256737705 99.832102761238417 99.826843282812064 99.821667751025643 99.816594988968220 99.811638776264147 99.806806869818359 99.802101045788106 99.797517918962569 99.793050173275716
99.993681805827890 99.989818123410316 99.985936677900114 99.982032129774836 99.978098381104729 99.974128618781066 99.970115427808011 99.966050990498289 99.961927379680830 99.957736940005645 99.953472731981989 99.949128992192257 99.944701546591773 99.940188109231002 99.935588410920801 99.930904130389806 99.926138636898600 99.921296586897085 99.916383438308216 99.911404950171217 99.906366725094855 99.901273834039529 99.896130544957813 99.890940164495248 99.885704998185773 99.880426439844712 99.875105213849110 99.869741811384628 99.864337176412135 99.858893694605825 99.853416493650030 99.847914943797420 99.842404038402918 99.836905091401761 99.831445089896221 99.826054322118068 99.820762609246685 99.815595226699571 99.810569821635610 99.805695121835953 99.800971405422075 99.796392128071631 99.791945990435210
99.994239526542074 99.990419921311201 99.986584870371360 99.982728535855500 99.978844079419545 99.974923669519384 99.970958577221225 99.966939389832547 99.962856363855664 99.958699919955080 99.954461252355912 99.950132988136673 99.945709799257003 99.941188856425399 99.936570030309042 99.931855792278753 99.927050830039136 99.922161450962506 99.917194878558334 99.912158548379409 99.907059485482876 99.901903810586333 99.896696390225856 99.891440626360094 99.886138376211690 99.880790003529199 99.875394586684195 99.869950345550251 99.864455393531159 99.858908958426042 99.853313206471555 99.847675670136567 99.842011924373665 99.836347573996179 99.830718116953548 99.825165518162237 99.819731811257867 99.814451948455726 99.809348720966696 99.804431242351740 99.799696537346321 99.795132745732275 99.790722563206288
99.994807659461586 99.991037005926145 99.987254178047905 99.983452895867799 99.979625578325638 99.975763284733389 99.971855762491629 99.967891651742690 99.963858893318118 99.959745363644529 99.955539714637311 99.951232332463576 99.946816264550066 99.942287928580001 99.937647437065735 99.932898451286789 99.928047592586893 99.923103541243108 99.918076004426226 99.912974724480804 99.907808644944822 99.902585284935938 99.897310318013851 99.891987321422789 99.886617656696558 99.881200459480013 99.875732753067069 99.870209759025002 99.864625564992309 99.858974423427242 99.853253060004377 99.847464337196556 99.841622163287170 99.835756335235217 99.829914321933572 99.824156576237016 99.818545031884000 99.813129663870598 99.807939813161511 99.802983105387852 99.798249866253954 99.793719353698691 99.789365323754978
99.995382695285983 99.991666067388280 99.987941721510254 99.984203061724884 99.980441830256780 99.976647938299848 99.972809413183668 99.968912544564674 99.964942319625735 99.960883216385767 99.956720359775858 99.952440935343063 99.948035627393224 99.943499760583663 99.938833840374102 99.934043329935918 99.929137717508254 99.924129118121030 99.919030734219291 99.913855456940155 99.908614772533880 99.903318013250029 99.897971903331296 99.892580310487915 99.887144112565124 99.881661115004349 99.876126001189505 99.870530372020440 99.864863056698113 99.859111092530455 99.853262105713313 99.847309183274064 99.841259197276216 99.835143668266127 99.829026572340950 99.822999281619047 99.817158396605194 99.811578083900685 99.806294837403442 99.801309682499948 99.796599598697895 99.792129275568229 99.787859529830286
99.995960092056791 99.992302606702395 99.988643300535401 99.984975490968012 99.981290423223015 99.977576927298671 99.973821180037575 99.970006698200379 99.966114724201944 99.962125164748059 99.958018164154666 99.953776212588494 99.949386434955514 99.944842493013596 99.940145518100948 99.935303752023714 99.930331006065728 99.925244418488731 99.920062113225384 99.914801229140977 99.909476534635957 99.904099613045346 99.898678472076170 99.893217391998206 99.887716845834319 99.882173366530068 99.876579285825841 99.870922335762216 99.865185226779090 99.859345591050484 99.853377288999880 99.847255253262873 99.840967562275949 99.834537715701643 99.828050089193695 99.821651402596402 99.815504346083145 99.809723279580908 99.804347786568471 99.799359250202414 99.794709023627888 99.790338873719193 99.786191873301405
99.996534107517377 99.992940683177096 99.989353037152384 99.985764773159303 99.982166995964718 99.978547713414542 99.974891286695851 99.971178102828148 99.967384737600383 99.963484938976038 99.959451702533102 99.955260433699976 99.950892690048093 99.946339478363740 99.941602935327822 99.936695710415265 99.931638288809594 99.926455254903075 99.921171659476826 99.915810268989560 99.910389921379632 99.904924809201347 99.899424347101316 99.893893286773277 99.888331816387947 99.882735454684124 99.877094595493062 99.871393579919214 99.865609205898920 99.859708737459869 99.853648073178036 99.847372662432207 99.840828842159709 99.834001640037485 99.826988054971025 99.820042361657841 99.813470450182095 99.807453009333855 99.802009082900241 99.797069191422977 99.792538750943507 99.788326424817114 99.784353202873916
99.997097650815590 99.993572659485437 99.990062976760157 99.986563051468252 99.983064460619715 99.979554968107180 99.976017492329078 99.972429185840681 99.968761026129528 99.964978533548035 99.961044309967008 99.956922752035766 99.952586337220438 99.948021608703016 99.943232370515915 99.938238543467932 99.933071234005041 99.927766239317734 99.922358319557091 99.916877475635857 99.911347269929365 99.905784578936689 99.900200065693454 99.894598823156585 99.888980837309987 99.883341047678655 99.877668820495401 99.871946596902347 99.866147331654233 99.860230099103958 99.854133045603234 99.847763611392310 99.840992143481060 99.833683713132231 99.825870225435338 99.818032274573000 99.810852002660283 99.804595470022349 99.799163253136015 99.794370703543777 99.790052585580497 99.786077276009109 99.782342595374942
99.997642186101316 99.994188982686097 99.990762685227537 99.987359362964540 99.983972017247595 99.980589232112550 99.977193468860619 99.973759160573735 99.970251095761682 99.966624107191606 99.962825602706374 99.958802354046838 99.954511307791122 99.949931049643098 99.945068302233153 99.939955612702178 99.934641629281259 99.929179295747304 99.923616790757507 99.917992910794666 99.912336064501545 99.906665248233722 99.900991673780425 99.895320277829967 99.889650755333193 99.883977956405488 99.878291510280064 99.872574416798130 99.866800030697732 99.860926172827519 99.854883551299054 99.848552138382900 99.841712199904975 99.833961555344757 99.824836978783935 99.815256025115858 99.807249047755008 99.800906194313455 99.795682922812716 99.791203653702482 99.787228503525526 99.783591494003645 99.780172663972493
99.998157733651212 99.994778063014763 99.991438917177817 99.988138972306700 99.984873999997291 99.981635130912380 99.978406349918387 99.975161154060075 99.971858725561503 99.968440961062328 99.964833301939251 99.960953507141909 99.956730456631462 99.952127513031982 99.947156912124697 99.941874596176618 99.936359443680047 99.930690856625745 99.924934852961627 99.919139728555848 99.913337536970218 99.907547644011515 99.901780247506920 99.896039072470671 99.890323106903011 99.884627449037438 99.878943312975181 99.873257082856327 99.867547982301915 99.861783207670683 99.855907514747202 99.849818623778319 99.843299057962682 99.835771004873976 99.824936002496088 99.810266566671885 99.801968451516856 99.796136423458222 99.791479839563692 99.787543828424646 99.784073596758375 99.780892970652658 99.777875457640135
