validation/well_uf/modaem_psi.grd
DSAA
    50    50
  -100.00       100.00    
  -100.00       100.00    
  -82.379       82.379    
[rows 19 to 37 of 50, columns 0 to 41 of 50]
-25.186657869708831 -25.121530890783689 -25.052744741839149 -24.979984923562313 -24.902900188707363 -24.821097071725958 -24.734133423128831 -24.641510733652993 -24.542664979436005 -24.436955650138884 -24.323652532383896 -24.201919704317795 -24.070796044507006 -23.929171357320506 -23.775756950426526 -23.609049144542468 -23.427283718692522 -23.228378651124572 -23.009861645007149 -22.768777744885099 -22.501570741932944 -22.203929887970965 -21.870590516273523 -21.495073328618204 -21.069342275741015 -20.583355406440731 -20.024478048784971 -19.376726962830034 -18.619827313359913 -17.728114328419217 -16.669448749703960 -15.404639858176523 -13.888543706739092 -12.075152901830151 -9.9302012906828026 -7.4538326914752204 -4.7080109688351754 -1.8280864630228386 1.0057201655289134 3.6292639410636376 5.9432092786403210 7.9196019436957972
-29.693470448213048 -29.639785217754024 -29.583059771589710 -29.523029903279273 -29.459400080142096 -29.391838691834373 -29.319972413880564 -29.243379489356101 -29.161581680759333 -29.074034577661180 -28.980115858794719 -28.879110992686982 -28.770195708786375 -28.652414367329712 -28.524653081151456 -28.385606068043856 -28.233733197494658 -28.067205981665474 -27.883838261000385 -27.680996422679293 -27.455481976893068 -27.203376422076246 -26.919834142183682 -26.598802992360042 -26.232643386728171 -25.811603969379306 -25.323094074230710 -24.750669569879456 -24.072622073080723 -23.260045963423046 -22.274300970671867 -21.064030135714646 -19.562696866493638 -17.689756142406885 -15.363087954232967 -12.535571257648350 -9.2610758967853286 -5.7493669168161752 -2.3204000065691623 0.74652782129834350 3.3222505371871360 5.4127422049939451
-34.203082372336553 -34.161075226572201 -34.116674022514211 -34.069668849269540 -34.019824614193190 -33.966877166128377 -33.910528683021646 -33.850442156572292 -33.786234761854068 -33.717469841300165 -33.643647155185768 -33.564190947938705 -33.478435241595221 -33.385605580691099 -33.284796196906143 -33.174941207747906 -33.054777968423764 -32.922799995359036 -32.777195875793481 -32.615769120135887 -32.435831767676106 -32.234061350629460 -32.006305960591739 -31.747314676513021 -31.450358910831483 -31.106691670691788 -30.704761945635582 -30.229053323886653 -29.658338634740666 -28.963022029300461 -28.101070314888936 -27.011871028781847 -25.607521320995353 -23.762878495083761 -21.313515321885909 -18.093466596805257 -14.073940457898317 -9.5793921642911322 -5.2548901426029531 -1.6211673053658835 1.1965208421980709 3.3211421056194990
-38.714897174543509 -38.684755656090083 -38.652888062277825 -38.619142034271832 -38.583346774280415 -38.545310175110131 -38.504815397514008 -38.461616767602330 -38.415434831757551 -38.365950360639218 -38.312797032972199 -38.255552448215411 -38.193727006812047 -38.126750045817509 -38.053952409149005 -37.974544340076164 -37.887587170617600 -37.791956689786353 -37.686295209401727 -37.568948069106206 -37.437878400536945 -37.290551025293347 -37.123771756316366 -36.933461014908829 -36.714328641911116 -36.459396593353475 -36.159281405025325 -35.801086536485421 -35.366641728198708 -34.829613757388053 -34.150602581326545 -33.268539012912946 -32.085212644827486 -30.437566276794321 -28.053226976762836 -24.515923978055390 -19.434597321232093 -13.209642495817729 -7.4167374848241110 -3.1328037851747546 -0.23163837535389042 1.7414302661369874
-43.228299392870518 -43.210159501242124 -43.190977475506749 -43.170660914901276 -43.149106170254612 -43.126196579922791 -43.101800363262342 -43.075768091553641 -43.047929634161825 -43.018090448483512 -42.986027043240490 -42.951481392200328 -42.914154004039062 -42.873695255959483 -42.829694462243872 -42.781665956783399 -42.729031194367053 -42.671095478269010 -42.607017337099158 -42.535767698657750 -42.456074673190344 -42.366347678458993 -42.264571324423983 -42.148154058064492 -42.013707462694732 -41.856716309880213 -41.671031073018789 -41.448061503028583 -41.175445867237940 -40.834755841683304 -40.397326656751900 -39.816197134674120 -39.009337583259949 -37.821603940863099 -35.930201113192837 -32.599413619015479 -26.256731902927669 -16.249128184844032 -7.8204479392224613 -3.2359031109574747 -0.75953451174991216 0.72243930509880805
-47.742659695377654 -47.736603859547508 -47.730199556564685 -47.723415820256790 -47.716217903710202 -47.708566684152196 -47.700417951777936 -47.691721555233840 -47.682420368881424 -47.672449036920092 -47.661732436025304 -47.650183780050071 -47.637702265652372 -47.624170123682809 -47.609448893695223 -47.593374671856893 -47.575751986398231 -47.556345814873517 -47.534871050629214 -47.510978414332477 -47.484235327871268 -47.454099516673963 -47.419881898212147 -47.380693317985347 -47.335366294050850 -47.282336938241123 -47.219461238447508 -47.143718827238061 -47.050714805915177 -46.933798677229710 -46.782407340394286 -46.578700137880006 -46.290015351939964 -45.849560515524182 -45.096726321031298 -43.529907034321177 -38.600831582916776 -15.580002790946573 -4.0151307530111371 -1.4394080371223441 -0.38867319084567375 0.17697276882047541
47.742659695377640 47.736603859547493 47.730199556564671 47.723415820256776 47.716217903710181 47.708566684152181 47.700417951777922 47.691721555233826 47.682420368881402 47.672449036920078 47.661732436025289 47.650183780050057 47.637702265652358 47.624170123682795 47.609448893695209 47.593374671856878 47.575751986398217 47.556345814873502 47.534871050629199 47.510978414332456 47.484235327871254 47.454099516673949 47.419881898212132 47.380693317985326 47.335366294050829 47.282336938241095 47.219461238447487 47.143718827238047 47.050714805915156 46.933798677229689 46.782407340394265 46.578700137879991 46.290015351939942 45.849560515524161 45.096726321031262 43.529907034321134 38.600831582916719 15.580002790946605 4.0151307530111611 1.4394080371223534 0.38867319084567642 -0.17697276882047674
43.228299392870518 43.210159501242124 43.190977475506749 43.170660914901276 43.149106170254612 43.126196579922791 43.101800363262342 43.075768091553641 43.047929634161825 43.018090448483512 42.986027043240490 42.951481392200328 42.914154004039062 42.873695255959483 42.829694462243872 42.781665956783399 42.729031194367053 42.671095478269010 42.607017337099158 42.535767698657750 42.456074673190344 42.366347678458993 42.264571324423983 42.148154058064492 42.013707462694732 41.856716309880213 41.671031073018789 41.448061503028583 41.175445867237940 40.834755841683304 40.397326656751900 39.816197134674120 39.009337583259949 37.821603940863099 35.930201113192837 32.599413619015479 26.256731902927669 16.249128184844032 7.8204479392224613 3.2359031109574747 0.75953451174991216 -0.72243930509880805
38.714897174543509 38.684755656090083 38.652888062277825 38.619142034271832 38.583346774280415 38.545310175110131 38.504815397514008 38.461616767602330 38.415434831757551 38.365950360639218 38.312797032972199 38.255552448215411 38.193727006812047 38.126750045817509 38.053952409149005 37.974544340076164 37.887587170617600 37.791956689786353 37.686295209401727 37.568948069106206 37.437878400536945 37.290551025293347 37.123771756316366 36.933461014908829 36.714328641911116 36.459396593353475 36.159281405025325 35.801086536485421 35.366641728198708 34.829613757388053 34.150602581326545 33.268539012912946 32.085212644827486 30.437566276794321 28.053226976762836 24.515923978055390 19.434597321232093 13.209642495817729 7.4167374848241110 3.1328037851747546 0.23163837535389042 -1.7414302661369874
34.203082372336539 34.161075226572187 34.116674022514189 34.069668849269519 34.019824614193176 33.966877166128363 33.910528683021624 33.850442156572278 33.786234761854047 33.717469841300137 33.643647155185754 33.564190947938691 33.478435241595207 33.385605580691085 33.284796196906129 33.174941207747892 33.054777968423750 32.922799995359021 32.777195875793467 32.615769120135873 32.435831767676092 32.234061350629446 32.006305960591725 31.747314676513007 31.450358910831469 31.106691670691774 30.704761945635560 30.229053323886632 29.658338634740645 28.963022029300440 28.101070314888922 27.011871028781826 25.607521320995332 23.762878495083740 21.313515321885880 18.093466596805236 14.073940457898296 9.5793921642911215 5.2548901426029424 1.6211673053658764 -1.1965208421980780 -3.3211421056195061
29.693470448213048 29.639785217754024 29.583059771589710 29.523029903279273 29.459400080142096 29.391838691834373 29.319972413880564 29.243379489356101 29.161581680759333 29.074034577661180 28.980115858794719 28.879110992686982 28.770195708786375 28.652414367329712 28.524653081151456 28.385606068043856 28.233733197494658 28.067205981665474 27.883838261000385 27.680996422679293 27.455481976893068 27.203376422076246 26.919834142183682 26.598802992360042 26.232643386728171 25.811603969379306 25.323094074230710 24.750669569879456 24.072622073080723 23.260045963423046 22.274300970671867 21.064030135714646 19.562696866493638 17.689756142406885 15.363087954232967 12.535571257648350 9.2610758967853286 5.7493669168161752 2.3204000065691623 -0.74652782129834350 -3.3222505371871360 -5.4127422049939451
25.186657869708831 25.121530890783689 25.052744741839149 24.979984923562313 24.902900188707363 24.821097071725958 24.734133423128831 24.641510733652993 24.542664979436005 24.436955650138884 24.323652532383896 24.201919704317795 24.070796044507006 23.929171357320506 23.775756950426526 23.609049144542468 23.427283718692522 23.228378651124572 23.009861645007149 22.768777744885099 22.501570741932944 22.203929887970965 21.870590516273523 21.495073328618204 21.069342275741015 20.583355406440731 20.024478048784971 19.376726962830034 18.619827313359913 17.728114328419217 16.669448749703960 15.404639858176523 13.888543706739092 12.075152901830151 9.9302012906828026 7.4538326914752204 4.7080109688351754 1.8280864630228386 -1.0057201655289134 -3.6292639410636376 -5.9432092786403210 -7.9196019436957972
20.683217388506471 20.606930402663920 20.526397279449725 20.441257851479477 20.351110598761615 20.255506630681737 20.153942604191336 20.045852356727480 19.930596979409501 19.807452988837639 19.675598170151169 19.534094554368110 19.381867852155182 19.217682484518498 19.040111115953792 18.847497291091742 18.637909380956827 18.409083533481059 18.158352663451545 17.882557674800367 17.577936051148349 17.239981665834762 16.863268193093234 16.441227025815948 15.965869602894081 15.427444641914043 14.814025391670313 14.111035664549412 13.300755862708428 12.361919353720531 11.269644473616403 9.9961845204372750 8.5133281550464801 6.7976209131135406 4.8394156544304607 2.6550789105146144 0.29770571487192754 -2.1424450676122930 -4.5543697600823982 -6.8343600228119392 -8.9097931274207873 -10.746865483619212
16.183693809358644 16.096570035811510 16.004649254114369 15.907530738384551 15.804768684214295 15.695865821125018 15.580265934237829 15.457345078053010 15.326401216306770 15.186641960840419 15.037170006113904 14.876965760456628 14.704866555443864 14.519541664892600 14.319462177710562 14.102864536046567 13.867706263359025 13.611612058842439 13.331808022495750 13.025041308033167 12.687482013303914 12.314603695962539 11.901038732252189 11.440405194825487 10.925103735521446 10.346087465317723 9.6926174309479620 8.9520350940305704 8.1096177006481298 7.1486414758537649 6.0508696842096938 4.7978049801944209 3.3731560741058075 1.7669359845603410 -1.8827279003382102E-002 -1.9639053684065395 -4.0259690264332662 -6.1425650182375655 -8.2406677335233312 -10.250923851847652 -12.120215122611903 -13.817462192281987
11.688600318252917 11.591000097623443 11.488091474929405 11.379438616157913 11.264557790609231 11.142910790349667 11.013897270884989 10.876845809831337 10.731003437974202 10.575523345396860 10.409450402360044 10.231704058076303 10.041058088001307 9.8361165493276062 9.6152851730514683 9.3767372686739634 9.1183730466825352 8.8377710828034921 8.5321304762541246 8.1982021319444129 7.8322076001054342 7.4297441752756797 6.9856757356986421 6.4940105162868562 5.9477703584269577 5.3388621028091023 4.6579724186718110 3.8945249112179781 3.0367656396043188 2.0720820895147369 0.98770834250666439 -0.22798997320860082 -1.5834647604491394 -3.0811154625620318 -4.7138998393537150 -6.4623125513166073 -8.2931966984746879 -10.161845417104335 -12.017734807697636 -13.812344209453929 -15.506239146833117 -17.073058433543245
7.1984154186164133 7.0907315450429778 6.9772699741864770 6.8575654109645967 6.7311027510241601 6.5973104746435354 6.4555530083648449 6.3051218726201910 6.1452253994377770 5.9749767638977005 5.7933800255708334 5.5993138211147624 5.3915122863635219 5.1685427163733095 4.9287793973888014 4.6703729709484350 4.3912146278162325 4.0888943971246263 3.7606528271658348 3.4033255047287696 3.0132802223931918 2.5863473276435798 2.1177451109520291 1.6020043759389750 1.0329001202280281 0.40340428542721440 -0.29431726411446135 -1.0688270921705794 -1.9292037780030284 -2.8846203415929210 -3.9436224693652946 -5.1130172433231849 -6.3963293215620922 -7.7919057822674347 -9.2909716540048208 -10.876211495439527 -12.521624521305231 -14.194242359298514 -15.857692881785876 -17.476768887941585 -19.021645584557728 -20.470575343294264
2.7135805037088971 2.5962333634133827 2.4726831885696541 2.3424409284606540 2.2049666858101631 2.0596632373373964 1.9058685971822129 1.7428474683608215 1.5697814022741525 1.3857574579762968 1.1897551216783526 0.98063121361259675 0.75710247560964206 0.51772550172180587 0.26087365151210662 -1.5289419461993248E-002 -0.31283994970489459 -0.63412823526859796 -0.98181683951977305 -1.3589225881204499 -1.7688615116083568 -2.2154949476954826 -2.7031735037005760 -3.2367732495812191 -3.8217150372409350 -4.4639528594375619 -5.1699103854829787 -5.9463363006623666 -6.8000397759604638 -7.7374600459889677 -8.7640244482263299 -9.8832671506447269 -11.095728985841482 -12.397747285463396 -13.780366985630884 -15.228720021582010 -16.722249307151568 -18.236011615923069 -19.742969127821826 -21.216797600758760 -22.634515418273597 -23.978317007184508
-1.7655019267957428 -1.8920692959130250 -2.0252199634058172 -2.1654610993579126 -2.3133509365813296 -2.4695049910601909 -2.6346031424189817 -2.8093976991979019 -2.9947225897491592 -3.1915038360089838 -3.4007714831633464 -3.6236731714728521 -3.8614895442583759 -4.1156516835406833 -4.3877607447310467 -4.6796099128893474 -4.9932087085730856 -5.3308095062720682 -5.6949358565286730 -6.0884117721388691 -6.5143904768835483 -6.9763801245370658 -7.4782625519063970 -8.0242990867347288 -8.6191146465937507 -9.2676477578734620 -9.9750497994195868 -10.746512244754328 -11.586997204379443 -12.500846611246132 -13.491252936004813 -14.559594627684561 -15.704677353179946 -16.921977750150745 -18.203049106959735 -19.535291679340702 -20.902276343772357 -22.284710028752482 -23.661955482897802 -25.013831781855366 -26.322318096181945 -27.572819701571095
-6.2384694167669750 -6.3737962375098718 -6.5160411366041870 -6.6657239492856988 -6.8234150417150090 -6.9897411628790280 -7.1653920443464827 -7.3511278415417962 -7.5477875176992981 -7.7562982772685274 -7.9776861576133555 -8.2130878838870132 -8.4637640782607306 -8.7311138857847581 -9.0166910271608529 -9.3222212022747186 -9.6496206314620991 -10.001015311893099 -10.378760253817923 -10.785457505531127 -11.223971125626072 -11.697436355229698 -12.209259015755755 -12.763099553849415 -13.362834160529459 -14.012483091054982 -14.716093985631019 -15.477566253508613 -16.300402552556854 -17.187376823185737 -18.140117526245639 -19.158621988886480 -20.240743993069763 -21.381729209380140 -22.573903016766966 -23.806627498177829 -25.066621951475206 -26.338675618315563 -27.606684034794522 -28.854845308192235 -30.068801551610772 -31.236528502834812
