validation/well_uf/modaem_psi.grd
DSAA
    50    50
  -100.00       100.00    
  -100.00       100.00    
  -82.379       82.379    
[rows 0 to 18 of 50, columns 0 to 41 of 50]
59.358352090552621 59.562059293066902 59.773670368877021 59.993575079755225 60.222181650141842 60.459916864029637 60.707225947126645 60.964572180098074 61.232436179380926 61.511314771868307 61.801719378842037 62.104173813192652 62.419211382682875 62.747371181491502 63.089193443519505 63.445213825297337 63.815956485560747 64.201925834861825 64.603596844597718 65.021403833593808 65.455727695116323 65.906881591083476 66.375095225940370 66.860497921630326 67.363100846796684 67.882778904277956 68.419252943661135 68.972073127969409 69.540604428320535 70.124015326018664 70.721270843760365 71.331130982563252 71.952155489498608 72.582715613905478 73.221013131561719 73.865106450008696 74.512943094426248 75.162397366864184 75.811311533612809 76.457538583783901 77.098984460123575 77.733647711011017
54.973122035340019 55.173541017110622 55.381944312938273 55.598742824644937 55.824368742431425 56.059275950241819 56.303940236742804 56.558859254748825 56.824552160814569 57.101558854193783 57.390438720502885 57.691768770435225 58.006141048146247 58.334159168131777 58.676433824558472 59.033577104529883 59.406195428678721 59.794880941400109 60.200201182313279 60.622686894188000 61.062817865211670 61.521006770019632 61.997581069080816 62.492763153524329 63.006649083874159 63.539186464419245 64.090152212894026 64.659131213884109 65.245497062295399 65.848396281085613 66.466737500149122 67.099187073768647 67.744172459733647 68.399894363658319 69.064348167185670 69.735354535226520 70.410598390189065 71.087674729350198 71.764139136994260 72.437560394193639 73.105572383530728 73.765922555500637
50.580301179875811 50.777041886072134 50.981826593223502 51.195086784430167 51.417278202416696 51.648881610610118 51.890403389870372 52.142375912139812 52.405357619387388 52.679932721309811 52.966710408250982 53.266323456768390 53.579426084461659 53.906690888608381 54.248804680748627 54.606463008068651 54.980363134399788 55.371195241865578 55.779631612695141 56.206313564606461 56.651835948701482 57.116729083169098 57.601438096842067 58.106299800869067 58.631517399558035 59.177133593964591 59.743002918702899 60.328764469228119 60.933816497453684 61.557294639424882 62.198055739992377 62.854669299568307 63.525418432789877 64.208311858316691 64.901107821274167 65.601350013298571 66.306414573602453 67.013566242757918 67.720020838285862 68.423010565406770 69.119848374128779 69.807987676039588
46.179848163592311 46.372502653199831 46.573237435917711 46.782503692063365 47.000779947900163 47.228573239871018 47.466420155498881 47.714887692545553 47.974573863493752 48.246107955186240 48.530150333267173 48.827391657765943 49.138551349752902 49.464375119758813 49.805631337280644 50.163105988481192 50.537595938240763 50.929900186235415 51.340808789279677 51.771089120014416 52.221469153210947 52.692617525396322 53.185120212524744 53.699453825904612 54.235955749231053 54.794791636219017 55.375921158296791 55.979063322439757 56.603663141311905 57.248861882383551 57.913473480355009 58.595969883377435 59.294478029705729 60.006790743669427 60.730393062037514 61.462504377687949 62.200135414018931 62.940157588091054 63.679380996853070 64.414636287062478 65.142855217740305 65.861144876983516
41.771744067270134 41.959887479087477 42.156121364932460 42.360915355068116 42.574769587406209 42.798216320837184 43.031821478307727 43.276186063971885 43.531947382881945 43.799779972396387 44.080396131277681 44.374545904882361 44.683016352579941 45.006629886470044 45.346241428882692 45.702734090941725 46.077013027455983 46.469997077685385 46.882607761971904 47.315755177957072 47.770320337004073 48.247133514457843 48.746948272516562 49.270410970102319 49.818025819139912 50.390115897347926 50.986780992546485 51.607853726530173 52.252856059055276 52.920958945632400 53.610948523491956 54.321202603936896 55.049681314715713 55.793935331242920 56.551134176360563 57.318115559143862 58.091454786472390 58.867551160807700 59.642726306033467 60.413327891738454 61.175831538319130 61.926933918614182
37.355994797999500 37.539186641909211 37.730450274977123 37.930272131254711 38.139172339915106 38.357706830021499 38.586469430965813 38.826093918575566 39.077255940181715 39.340674731092683 39.617114509157176 39.907385402613293 40.212343728431740 40.532891393217326 40.869974136086569 41.224578272997604 41.597725535898100 41.990465530326730 42.403865266383953 42.838995157793661 43.296910843426325 43.778630181142830 44.285104816444488 44.817185864695077 45.375583495975931 45.960820606683235 46.573181326497547 47.212655852174350 47.878884000533333 48.571100868300334 49.288088956783206 50.028141887047667 50.789045174288695 51.568079219512754 52.362048537353473 53.167339223069838 53.980003911982848 54.795870355321853 55.610666750120856 56.420154694467087 57.220259570258023 58.007188518861454
32.932633483545388 33.110419284362457 33.296226576714147 33.490556521761860 33.693947129126492 33.906975889366635 34.130262481209620 34.364471512632321 34.610315238043164 34.868556172185272 35.140009493879248 35.425545098123251 35.726089112031133 36.042624637259536 36.376191417719852 36.727884055648808 37.098848311465893 37.490274924610496 37.903390287306095 38.339443197919103 38.799686827094973 39.285354966525603 39.797631623589652 40.337613111139291 40.906262005491818 41.504352758716294 42.132409404388433 42.790636726231440 43.478847470003053 44.196389614983410 44.942079241239938 45.714145888575004 46.510198163081498 47.327217318890845 48.161585282418493 49.009150926009482 49.865334473347474 50.725265238558741 51.583943295481930 52.436412109764603 53.277927467719437 54.104108614185847
28.501722834649698 28.673636151667218 28.853486364264633 29.041786827968217 29.239090795800877 29.445994605874787 29.663141035679224 29.891222795090798 30.130986114075313 30.383234359721421 30.648831589241183 30.928705909204247 31.223852464573312 31.535335821861807 31.864291436581674 32.211925803800931 32.579514780256439 32.968399436340071 33.379978647773392 33.815697474876956 34.277030212652079 34.765456846402550 35.282431545852909 35.829341820971258 36.407457107360237 37.017865927154347 37.661401472559945 38.338556568913212 39.049390546051896 39.793432561452754 40.569588232510270 41.376058734225822 42.210283300184102 43.068916684958822 43.947851956234629 44.842295557045503 45.746895963426716 46.655920167931008 47.563464978566024 48.463684389731156 49.351011515760206 50.220354521560878
24.063357427371166 24.228922266855243 24.402302545173264 24.584020806204954 24.774642356198171 24.974779021982187 25.185093179604458 25.406302042430305 25.639182183619255 25.884574248268521 26.143387783689640 26.416606080122783 26.705290866062832 27.010586639102335 27.333724331095986 27.676023901410915 28.038895319817641 28.423837237421615 28.832432447649879 29.266339010593086 29.727275659676955 30.216999846031996 30.737276534127489 31.289835694327806 31.876316423654444 32.498195877056432 33.156701850863861 33.852709088709915 34.586621323696093 35.358243798836853 36.166654426286613 37.010085492960641 37.885831190189755 38.790198201821326 39.718515939949356 40.665218804924507 41.624004830373067 42.588064178218929 43.550359326397476 44.503929336185422 45.442185958383682 46.359170921203884
19.617665851521203 19.776399481739311 19.942787862856946 20.117359241350151 20.300687218398238 20.493395079198059 20.696160506225532 20.909720686604594 21.134877812879544 21.372504960260088 21.623552299889688 21.889053574358137 22.170132715286520 22.468010419232805 22.784010412269474 23.119565019176619 23.476219503088302 23.855634447811504 24.259585210295327 24.689957169122174 25.148735135452071 25.637984884117998 26.159824329784485 26.716381468265460 27.309735917815104 27.941840874253671 28.614422745144701 29.328856920077712 30.086020364138491 30.886125239929441 31.728542633311882 32.611631359098538 33.532592845888260 34.487377645601228 35.470670068194423 36.475972761524346 37.495801734339508 38.521985387109687 39.546042044300705 40.559594450194588 41.554771710041450 42.524551898298554
15.164812665961861 15.316228834817402 15.475097732072868 15.641949347911350 15.817361252059776 16.001963476621050 16.196443903159874 16.401554189164266 16.618116262845732 16.847029404319940 17.089277913493611 17.345939337710320 17.618193191657255 17.907330043258540 18.214760755793641 18.542025559940377 18.890802469391986 19.262914337484503 19.660333565385677 20.085183099639721 20.539731884948971 21.026382360652555 21.547646915743229 22.106109486374571 22.704367780731737 23.344951115157741 24.030208816031312 24.762164986898256 25.542337683682987 26.371524751809687 27.249565183054578 28.175093792579265 29.145317315057149 30.155849367569516 31.200646496915866 32.272083571990379 33.361191209899530 34.458051358178217 35.552315121514042 36.633778900506208 37.692940673632222 38.721463160977564
10.705000097399008 10.848612641450231 10.999432799675617 11.157987895871592 11.324854591873596 11.500664285547536 11.686109136042234 11.881948779601622 12.089017799238917 12.308234007960365 12.540607596039088 12.787251175297193 13.049390723541855 13.328377384758845 13.625700007883466 13.942998198738429 14.282075502433450 14.644912109395769 15.033676164783813 15.450732331211668 15.898645678084861 16.380178217719212 16.898274458441662 17.456031203424111 18.056645550111391 18.703333794900068 19.399213034432542 20.147137217918193 20.949481061720320 21.807869659405632 22.722859933806994 23.693592969155084 24.717453127618022 25.789787761674503 26.903754376193106 28.050362163198514 29.218754671921509 30.396738508068218 31.571507817820098 32.730463651890680 33.862000918865220 34.956144776398872
6.2384694167669750 6.3737962375098718 6.5160411366041870 6.6657239492856988 6.8234150417150090 6.9897411628790280 7.1653920443464827 7.3511278415417962 7.5477875176992981 7.7562982772685274 7.9776861576133555 8.2130878838870132 8.4637640782607306 8.7311138857847581 9.0166910271608529 9.3222212022747186 9.6496206314620991 10.001015311893099 10.378760253817923 10.785457505531127 11.223971125626072 11.697436355229698 12.209259015755755 12.763099553849415 13.362834160529459 14.012483091054982 14.716093985631019 15.477566253508613 16.300402552556854 17.187376823185737 18.140117526245639 19.158621988886480 20.240743993069763 21.381729209380140 22.573903016766966 23.806627498177829 25.066621951475206 26.338675618315563 27.606684034794522 28.854845308192235 30.068801551610772 31.236528502834812
1.7655019267957286 1.8920692959130108 2.0252199634058030 2.1654610993578984 2.3133509365813154 2.4695049910601767 2.6346031424189675 2.8093976991978806 2.9947225897491450 3.1915038360089696 3.4007714831633322 3.6236731714728379 3.8614895442583617 4.1156516835406691 4.3877607447310325 4.6796099128893331 4.9932087085730714 5.3308095062720469 5.6949358565286587 6.0884117721388549 6.5143904768835341 6.9763801245370445 7.4782625519063828 8.0242990867347075 8.6191146465937294 9.2676477578734406 9.9750497994195726 10.746512244754300 11.586997204379429 12.500846611246104 13.491252936004798 14.559594627684547 15.704677353179932 16.921977750150731 18.203049106959714 19.535291679340688 20.902276343772343 22.284710028752468 23.661955482897788 25.013831781855352 26.322318096181935 27.572819701571081
-2.7135805037089114 -2.5962333634133898 -2.4726831885696612 -2.3424409284606611 -2.2049666858101702 -2.0596632373374035 -1.9058685971822200 -1.7428474683608286 -1.5697814022741596 -1.3857574579763039 -1.1897551216783597 -0.98063121361260386 -0.75710247560964916 -0.51772550172181298 -0.26087365151211372 1.5289419461986142E-002 0.31283994970488749 0.63412823526859086 0.98181683951976595 1.3589225881204428 1.7688615116083497 2.2154949476954755 2.7031735037005618 3.2367732495812120 3.8217150372409279 4.4639528594375406 5.1699103854829715 5.9463363006623595 6.8000397759604496 7.7374600459889606 8.7640244482263228 9.8832671506447198 11.095728985841468 12.397747285463389 13.780366985630877 15.228720021582003 16.722249307151561 18.236011615923061 19.742969127821819 21.216797600758756 22.634515418273594 23.978317007184501
-7.1984154186164062 -7.0907315450429707 -6.9772699741864628 -6.8575654109645896 -6.7311027510241530 -6.5973104746435283 -6.4555530083648378 -6.3051218726201839 -6.1452253994377699 -5.9749767638976934 -5.7933800255708263 -5.5993138211147553 -5.3915122863635148 -5.1685427163733024 -4.9287793973887943 -4.6703729709484278 -4.3912146278162254 -4.0888943971246192 -3.7606528271658277 -3.4033255047287625 -3.0132802223931847 -2.5863473276435727 -2.1177451109520220 -1.6020043759389537 -1.0329001202280139 -0.40340428542720730 0.29431726411447556 1.0688270921705865 1.9292037780030356 2.8846203415929281 3.9436224693653017 5.1130172433231920 6.3963293215620993 7.7919057822674453 9.2909716540048279 10.876211495439534 12.521624521305238 14.194242359298521 15.857692881785880 17.476768887941592 19.021645584557735 20.470575343294271
-11.688600318252931 -11.591000097623457 -11.488091474929419 -11.379438616157934 -11.264557790609246 -11.142910790349681 -11.013897270885003 -10.876845809831359 -10.731003437974216 -10.575523345396874 -10.409450402360058 -10.231704058076332 -10.041058088001321 -9.8361165493276275 -9.6152851730514826 -9.3767372686739776 -9.1183730466825494 -8.8377710828035134 -8.5321304762541388 -8.1982021319444272 -7.8322076001054484 -7.4297441752756939 -6.9856757356986563 -6.4940105162868704 -5.9477703584269719 -5.3388621028091237 -4.6579724186718252 -3.8945249112179923 -3.0367656396043330 -2.0720820895147511 -0.98770834250668571 0.22798997320858660 1.5834647604491181 3.0811154625620176 4.7138998393537008 6.4623125513165895 8.2931966984746737 10.161845417104320 12.017734807697622 13.812344209453915 15.506239146833103 17.073058433543231
-16.183693809358644 -16.096570035811510 -16.004649254114369 -15.907530738384551 -15.804768684214295 -15.695865821125018 -15.580265934237829 -15.457345078053010 -15.326401216306770 -15.186641960840419 -15.037170006113904 -14.876965760456628 -14.704866555443864 -14.519541664892600 -14.319462177710562 -14.102864536046567 -13.867706263359025 -13.611612058842439 -13.331808022495750 -13.025041308033167 -12.687482013303914 -12.314603695962539 -11.901038732252189 -11.440405194825487 -10.925103735521446 -10.346087465317723 -9.6926174309479620 -8.9520350940305704 -8.1096177006481298 -7.1486414758537649 -6.0508696842096938 -4.7978049801944209 -3.3731560741058075 -1.7669359845603410 1.8827279003382102E-002 1.9639053684065395 4.0259690264332662 6.1425650182375655 8.2406677335233312 10.250923851847652 12.120215122611903 13.817462192281987
-20.683217388506485 -20.606930402663934 -20.526397279449753 -20.441257851479492 -20.351110598761629 -20.255506630681751 -20.153942604191350 -20.045852356727494 -19.930596979409515 -19.807452988837653 -19.675598170151183 -19.534094554368131 -19.381867852155203 -19.217682484518512 -19.040111115953813 -18.847497291091756 -18.637909380956842 -18.409083533481081 -18.158352663451566 -17.882557674800381 -17.577936051148363 -17.239981665834776 -16.863268193093262 -16.441227025815969 -15.965869602894095 -15.427444641914065 -14.814025391670334 -14.111035664549426 -13.300755862708456 -12.361919353720545 -11.269644473616417 -9.9961845204372892 -8.5133281550465014 -6.7976209131135548 -4.8394156544304820 -2.6550789105146286 -0.29770571487194530 2.1424450676122788 4.5543697600823840 6.8343600228119286 8.9097931274207767 10.746865483619203
