validation/linesink/modaem_psi.grd
DSAA
    50    50
  -100.00       100.00    
  -100.00       100.00    
  -854.31       854.31    
[rows 0 to 18 of 50, columns 0 to 41 of 50]
101.59577050319052 101.82802739949067 101.90212364602795 101.79536194224089 101.48263858382093 100.93632433843065 100.12618833837730 99.019386994748501 97.580546648694977 95.771976640767633 93.554058489180207 90.885866313159951 87.726082245310565 84.034276055701241 79.772616834168858 74.908070826411333 69.415106054727687 63.278862841538697 56.498652901669445 49.091517661316658 41.095421835722540 32.571515225847925 23.604822087198794 14.302783725022065 4.7913382473376238 -4.7913382473376540 -14.302783725022065 -23.604822087198794 -32.571515225847946 -41.095421835722540 -49.091517661316658 -56.498652901669409 -63.278862841538697 -69.415106054727772 -74.908070826411290 -79.772616834168744 -84.034276055701213 -87.726082245310565 -90.885866313159895 -93.554058489180079 -95.771976640767633 -97.580546648694977
105.68795534004956 106.11967712702545 106.39828766091030 106.49975775035225 106.39722183992916 106.06076943080669 105.45726685811263 104.55023211391919 103.29979379299940 101.66277584361831 99.592962787168943 97.041615236163295 93.958321997238968 90.292290652788694 85.994189093107266 81.018648821868808 75.327515843873940 68.893871337308894 61.706724817896678 53.776094119656001 45.137933346488467 35.858091802437166 26.034275605074118 15.794977845295332 5.2946780250532299 -5.2946780250532681 -15.794977845295332 -26.034275605074118 -35.858091802437251 -45.137933346488467 -53.776094119656001 -61.706724817896713 -68.893871337308894 -75.327515843873982 -81.018648821868823 -85.994189093107295 -90.292290652788694 -93.958321997238968 -97.041615236163281 -99.592962787169142 -101.66277584361831 -103.29979379299940
109.91143801230497 110.56400244006606 111.07111902399832 111.40765125632149 111.54518296821017 111.45170434525249 111.09130921972427 110.42392509833834 109.40510712538040 107.98594023361427 106.11311082446312 103.72923100770629 100.77352474722973 97.183015002934724 92.894380519347195 87.846672438065880 81.985079850256682 75.265885989749705 67.662629355003304 59.173238491797747 49.827520911117517 39.693881495919172 28.883650033168291 17.551166681688041 5.8881322787540347 -5.8881322787540826 -17.551166681688041 -28.883650033168291 -39.693881495919186 -49.827520911117517 -59.173238491797747 -67.662629355003290 -75.265885989749705 -81.985079850256781 -87.846672438065795 -92.894380519347152 -97.183015002934823 -100.77352474722973 -103.72923100770649 -106.11311082446312 -107.98594023361427 -109.40510712538040
114.25775624693998 115.15328116723217 115.91398823816807 116.51394606337139 116.92350417744458 117.10885966272787 117.03160892908215 116.64830229736570 115.91002940392138 114.76207819002742 113.14373081533428 110.98828790756369 108.22344974454766 104.77223015170820 100.55463486829846 95.490394926127109 89.503092020959713 82.526015971557328 74.509999978070596 65.433207402038988 55.312303833498191 44.213596754235574 32.261681498072249 19.642317041702238 6.5963935383511627 -6.5963935383512071 -19.642317041702238 -32.261681498072249 -44.213596754235660 -55.312303833498191 -65.433207402038988 -74.509999978070653 -82.526015971557328 -89.503092020959656 -95.490394926127124 -100.55463486829849 -104.77223015170819 -108.22344974454766 -110.98828790756367 -113.14373081533424 -114.76207819002742 -115.91002940392138
118.71578388821020 119.87682678650388 120.91698757955572 121.80994895309223 122.52526120921891 123.02777939993041 123.27705247884967 123.22667514313108 122.82362288000250 122.00760570520968 120.71049843239527 118.85593805661480 116.35922577590654 113.12773660523740 109.06212714863548 104.05874220382638 98.013744408371878 90.829598140133726 82.424559563261553 72.745625436723543 61.784765097129409 49.596970272218428 36.316654080786094 22.166747321516137 7.4539565268010595 -7.4539565268011119 -22.166747321516137 -36.316654080786094 -49.596970272218478 -61.784765097129409 -72.745625436723543 -82.424559563261553 -90.829598140133726 -98.013744408371878 -104.05874220382643 -109.06212714863548 -113.12773660523747 -116.35922577590654 -118.85593805661485 -120.71049843239524 -122.00760570520968 -122.82362288000250
123.27147224163272 124.72065234638397 126.06649908217430 127.28281978172593 128.33892904039840 129.19895241157607 129.82104283044126 130.15651003735115 130.14887098732009 129.73284220712287 128.83331618639505 127.36439746167012 125.22862629849584 122.31659743929335 118.50729938509672 113.66966833132561 107.66607829191253 100.35876524891738 91.620449293447749 81.350507016905709 69.497593974683667 56.088013280129459 41.255713112842436 25.264720118684153 8.5105862330548678 -8.5105862330549282 -25.264720118684153 -41.255713112842436 -56.088013280129488 -69.497593974683667 -81.350507016905709 -91.620449293447734 -100.35876524891738 -107.66607829191257 -113.66966833132551 -118.50729938509664 -122.31659743929337 -125.22862629849584 -127.36439746167017 -128.83331618639511 -129.73284220712287 -130.14887098732009
127.90762562068025 129.66716681178684 131.34479015244312 132.91503965564903 134.34768977592088 135.60692009962500 136.65035930985587 137.42798505477205 137.88087007824822 137.93977313038283 137.52358886493394 136.53769919655338 134.87231753517750 132.40099971627617 128.97963088322783 124.44641458933917 118.62372670417673 111.32319165494455 102.35600216098415 91.551228125174504 78.785214757190190 64.024042503008516 47.376351511283389 29.143573238903251 9.8410081236357190 -9.8410081236357811 -29.143573238903251 -47.376351511283389 -64.024042503008573 -78.785214757190190 -91.551228125174504 -102.35600216098408 -111.32319165494455 -118.62372670417673 -124.44641458933930 -128.97963088322786 -132.40099971627609 -134.87231753517750 -136.53769919655360 -137.52358886493397 -137.93977313038283 -137.88087007824822
132.60372821181565 134.69492521527087 136.72966335889183 138.68393007062869 140.52878251029671 142.22940803684105 143.74400948884096 145.02248584461105 146.00487675956745 146.61953983674482 146.78103487714623 146.38770448131652 145.31897360149793 143.43245670728624 140.56108574333436 136.51069880667364 131.05893112282413 123.95694041620365 114.93663544893720 103.72780519080021 90.091747028994405 73.879488008789338 55.119499336658436 34.123538502568834 11.563322166957267 -11.563322166957352 -34.123538502568834 -55.119499336658436 -73.879488008789394 -90.091747028994405 -103.72780519080021 -114.93663544893725 -123.95694041620365 -131.05893112282428 -136.51069880667356 -140.56108574333433 -143.43245670728629 -145.31897360149793 -146.38770448131652 -146.78103487714611 -146.61953983674482 -146.00487675956745
137.33584047455102 139.77845602952135 142.19419040318701 144.56126130791145 146.85294374346978 149.03654263034798 151.07214899026147 152.91113327363522 154.49432023149828 155.74977982506766 156.59015930689063 156.90947565131967 156.57929101751833 155.44421922389142 153.31678283115363 149.97180655220762 145.14088708328214 138.50820246931463 129.71035469653179 118.34567631330421 104.00336105800771 86.330441116306616 65.161788769736006 40.727269269436079 13.877343648524466 -13.877343648524548 -40.727269269436079 -65.161788769736006 -86.330441116306730 -104.00336105800771 -118.34567631330421 -129.71035469653168 -138.50820246931463 -145.14088708328219 -149.97180655220751 -153.31678283115374 -155.44421922389154 -156.57929101751833 -156.90947565131972 -156.59015930689083 -155.74977982506766 -154.49432023149828
142.07658328288838 144.88818982728679 147.70656204450862 150.51299197376744 153.28399346433429 155.99022511810296 158.59516356843989 161.05346494040177 163.30893561341401 165.29201212118369 166.91662330168447 168.07627519132683 168.63916153190877 168.44206453158068 167.28278448043935 164.91085503943410 161.01643945940430 155.21773803334534 147.04837819640230 135.94906266256010 121.27443965177874 102.34155435940504 78.577981941003102 49.869968086330573 17.155110474773377 -17.155110474773497 -49.869968086330573 -78.577981941003102 -102.34155435940512 -121.27443965177874 -135.94906266256010 -147.04837819640235 -155.21773803334534 -161.01643945940435 -164.91085503943410 -167.28278448043937 -168.44206453158066 -168.63916153190877 -168.07627519132674 -166.91662330168441 -165.29201212118369 -163.30893561341401
146.79522661428618 149.99051212007709 153.23008513027455 156.49918207480724 159.77862460677912 163.04374147257283 166.26302043716547 169.39641599593600 172.39321527841759 175.18933281078253 177.70386132036228 179.83464591815792 181.45256656352626 182.39410080596150 182.45158668800644 181.36040840410899 178.78209292957749 174.28208984121139 167.30101079758893 157.11898722985288 142.81671543544081 123.25103389257825 97.113108071838184 63.302190775040231 22.197864206385280 -22.197864206385429 -63.302190775040231 -97.113108071838184 -123.25103389257841 -142.81671543544081 -157.11898722985288 -167.30101079758899 -174.28208984121139 -178.78209292957763 -181.36040840410911 -182.45158668800656 -182.39410080596147 -181.45256656352626 -179.83464591815792 -177.70386132036225 -175.18933281078253 -172.39321527841759
151.45789662469568 155.04795995128592 158.72335433812006 162.47411851822352 166.28645069978842 170.14168563471679 174.01499847101084 177.87375493496467 181.67539978739316 185.36473658344593 188.87039608171298 192.10020976556618 194.93508569230050 197.22080549970283 198.75689075958795 199.28127058616997 198.44883316691931 195.80091591774817 190.72113215471398 182.37020894030420 169.58801296695896 150.74431062297262 123.51928733613150 84.699397825808305 31.223627885351881 -31.223627885352098 -84.699397825808305 -123.51928733613150 -150.74431062297271 -169.58801296695896 -182.37020894030420 -190.72113215471401 -195.80091591774817 -198.44883316691926 -199.28127058616980 -198.75689075958809 -197.22080549970292 -194.93508569230050 -192.10020976556612 -188.87039608171307 -185.36473658344593 -181.67539978739316
156.02791038978950 160.01957625956300 164.14061950099739 168.38668387709359 172.75035712927135 177.22026296282095 181.77989602256372 186.40612076605495 191.06722672733295 195.72039185482944 200.30834587063566 204.75493638662985 208.95916446959799 212.78704434286371 216.06030398234481 218.54039159323025 219.90532749586464 219.71533754267296 217.36030249692357 211.97645589964478 202.30780347271855 186.45802433728116 161.38757091260507 121.64133725176779 54.477280572638954 -54.477280572639259 -121.64133725176779 -161.38757091260507 -186.45802433728133 -202.30780347271855 -211.97645589964478 -217.36030249692359 -219.71533754267296 -219.90532749586447 -218.54039159323017 -216.06030398234472 -212.78704434286365 -208.95916446959799 -204.75493638662982 -200.30834587063563 -195.72039185482944 -191.06722672733295
160.46624161212537 164.86142840106768 169.43235962343101 174.18098672884020 179.10718533290307 184.20802015942115 189.47678889192258 194.90177524294586 200.46461629323926 206.13815272716664 211.88357690970446 217.64661278759473 223.35233647574248 228.89804809031614 234.14328293063184 238.89551195902663 242.88915961568424 245.75394518964421 246.96561993130257 245.76668873452471 241.03398913068546 231.04751441615537 213.06254918379850 182.46506934076288 131.61341796071093 -131.61341796071113 -182.46506934076288 -213.06254918379850 -231.04751441615554 -241.03398913068546 -245.76668873452471 -246.96561993130257 -245.75394518964421 -242.88915961568426 -238.89551195902661 -234.14328293063187 -228.89804809031608 -223.35233647574248 -217.64661278759468 -211.88357690970452 -206.13815272716664 -200.46461629323926
164.73211356298410 169.52728800983724 174.54606252976041 179.79725565492839 185.28875742941233 191.02701832767008 197.01637047740888 203.25812807221058 209.74939538759963 216.48148460092710 223.43780756037236 230.59104898387542 237.89934186006988 245.30102932914502 252.70737632101302 259.99222682351387 266.97697812619253 273.40816738109055 278.92312202463057 282.99612636807194 284.85359008076739 283.34626942533868 276.79731373113913 263.04592488308185 240.78330628255841 -240.78330628255847 -263.04592488308185 -276.79731373113913 -283.34626942533868 -284.85359008076739 -282.99612636807194 -278.92312202463063 -273.40816738109055 -266.97697812619253 -259.99222682351387 -252.70737632101299 -245.30102932914519 -237.89934186006988 -230.59104898387551 -223.43780756037222 -216.48148460092710 -209.74939538759963
168.78370799413472 173.96945934768524 179.42719558724832 185.17298059724638 191.22322338862520 197.59443025116744 204.30285562083816 211.36402017273451 218.79205541002321 226.59882194351820 234.79273268117402 243.37719064541383 252.34852153539606 261.69323926243027 271.38442157691861 281.37688111644536 291.60067653150952 301.95229383699751 312.28252468822092 322.37976954556939 331.94786432657014 340.58174026610999 347.76483647837699 352.98440241972412 356.18240121225637 -356.18240121225631 -352.98440241972412 -347.76483647837699 -340.58174026610999 -331.94786432657014 -322.37976954556939 -312.28252468822080 -301.95229383699751 -291.60067653150935 -281.37688111644547 -271.38442157691867 -261.69323926243015 -252.34852153539606 -243.37719064541372 -234.79273268117390 -226.59882194351820 -218.79205541002321
172.57897138075884 178.13973340047426 184.02033950508329 190.24426674990201 196.83668694403656 203.82450613467407 211.23637626197052 219.10267119839671 227.45542008077371 236.32819393427769 245.75594925718579 255.77484836433595 266.42210780109656 277.73598549307951 289.75612712218958 302.52469398847927 316.08906425904934 330.50757258269670 345.86095046689172 362.27410423094801 379.95534418171962 399.25935049468825 420.75584831254827 445.16464454567307 472.71243508202707 -472.71243508202696 -445.16464454567307 -420.75584831254827 -399.25935049468808 -379.95534418171962 -362.27410423094801 -345.86095046689161 -330.50757258269670 -316.08906425904928 -302.52469398847921 -289.75612712218947 -277.73598549307962 -266.42210780109656 -255.77484836433595 -245.75594925718570 -236.32819393427769 -227.45542008077371
176.07649332643581 181.99043621465253 188.27044530660675 194.94734976298446 202.05504347679852 209.63081926997000 217.71574930344704 226.35512652897620 235.59899148361353 245.50278492001431 256.12819440892230 267.54431027291065 279.82928710924466 293.07284648273207 307.38019815658060 322.87838088490258 339.72677377623711 358.13486781961115 378.39277712157832 400.92415123225754 426.37793267182587 455.78362039313333 490.78853310566302 533.86148733678772 587.32840844731049 -587.32840844731027 -533.86148733678772 -490.78853310566302 -455.78362039313311 -426.37793267182587 -400.92415123225754 -378.39277712157832 -358.13486781961115 -339.72677377623694 -322.87838088490253 -307.38019815658060 -293.07284648273207 -279.82928710924466 -267.54431027291048 -256.12819440892218 -245.50278492001431 -235.59899148361353
179.23642687813725 185.47553321905727 192.12416552214148 199.22020874904842 206.80594616896798 214.92867933559356 223.64146305159721 233.00398900009580 243.08366732807281 253.95698025364021 265.71122166224666 278.44680160863925 292.28040152665591 307.34944371427099 323.81863768094570 341.88987550428010 361.81763053100445 383.93357261533328 408.68694710419948 436.71264601214176 468.94989181068564 506.85994934350373 552.86389520775731 611.39599243228963 692.35942650571121 -692.35942650571110 -611.39599243228963 -552.86389520775731 -506.85994934350367 -468.94989181068564 -436.71264601214176 -408.68694710419931 -383.93357261533328 -361.81763053100457 -341.88987550428010 -323.81863768094570 -307.34944371427088 -292.28040152665591 -278.44680160863925 -265.71122166224654 -253.95698025364021 -243.08366732807281
