validation/linesink/modaem_head.grd
DSAA
    50    50
  -100.00       100.00    
  -100.00       100.00    
   99.574       100.92    
[rows 19 to 37 of 50, columns 0 to 42 of 50]
100.28161397557830 100.28433316012512 100.28734291756054 100.29068358036653 100.29440224733933 100.29855408477283 100.30320390059411 100.30842804995916 100.31431674188107 100.32097682814053 100.32853516661326 100.33714265827358 100.34697905444483 100.35825860631867 100.37123655830275 100.38621632197217 100.40355680929532 100.42367864564879 100.44706637995246 100.47426035214636 100.50582403930194 100.54225287365369 100.58372845090926 100.62934667215515 100.67350570051045 100.67350570051045 100.62934667215515 100.58372845090926 100.54225287365369 100.50582403930194 100.47426035214636 100.44706637995246 100.42367864564879 100.40355680929532 100.38621632197217 100.37123655830275 100.35825860631867 100.34697905444483 100.33714265827358 100.32853516661326 100.32097682814053 100.31431674188107 100.30842804995916
100.27517329684974 100.27744738301732 100.27996747391349 100.28276813839051 100.28588979714544 100.28937984630281 100.29329400961105 100.29769796264942 100.30266927663105 100.30829973042677 100.31469803369781 100.32199298496764 100.33033704437453 100.33991021071668 100.35092391817516 100.36362433943147 100.37829386462376 100.39524835194324 100.41482544749786 100.43735454849963 100.46308859758679 100.49205319506325 100.52370623564650 100.55615857871399 100.58472759252888 100.58472759252888 100.55615857871399 100.52370623564650 100.49205319506324 100.46308859758679 100.43735454849963 100.41482544749786 100.39524835194324 100.37829386462376 100.36362433943147 100.35092391817516 100.33991021071668 100.33033704437453 100.32199298496764 100.31469803369781 100.30829973042677 100.30266927663105 100.29769796264942
100.26851695044368 100.27031641662356 100.27231242672680 100.27453285838499 100.27701033695310 100.27978314345101 100.28289630125238 100.28640287083552 100.29036548108328 100.29485811944856 100.29996818713003 100.30579879123903 100.31247118025166 100.32012710906523 100.32893070758898 100.33906905813042 100.35075005415064 100.36419503122791 100.37962180261896 100.39721049788544 100.41703892833057 100.43896478438144 100.46242212686560 100.48613009516656 100.50797217179280 100.50797217179280 100.48613009516656 100.46242212686560 100.43896478438144 100.41703892833057 100.39721049788544 100.37962180261896 100.36419503122791 100.35075005415064 100.33906905813042 100.32893070758898 100.32012710906523 100.31247118025166 100.30579879123903 100.29996818713003 100.29485811944856 100.29036548108328 100.28640287083552
100.26168850397266 100.26298956797611 100.26443374508621 100.26604146912560 100.26783666677528 100.26984742221600 100.27210676858216 100.27465362393318 100.27753388615363 100.28080169226497 100.28452082865415 100.28876624240094 100.29362553838756 100.29920023354002 100.30560635002824 100.31297362316562 100.32144212668553 100.33115443567880 100.34224059016383 100.35479241947937 100.36882450352502 100.38422505218541 100.40072061853148 100.41792259829226 100.43552719471465 100.43552719471465 100.41792259829226 100.40072061853148 100.38422505218541 100.36882450352502 100.35479241947937 100.34224059016383 100.33115443567880 100.32144212668553 100.31297362316562 100.30560635002824 100.29920023354002 100.29362553838756 100.28876624240094 100.28452082865415 100.28080169226497 100.27753388615363 100.27465362393318
100.25473485125362 100.25552009318230 100.25639209564309 100.25736329564994 100.25844825960368 100.25966408642135 100.26103088557670 100.26257233898916 100.26431635244448 100.26629579477776 100.26854930829846 100.27112214689052 100.27406695108166 100.27744429055718 100.28132267837681 100.28577757029278 100.29088860065895 100.29673401888581 100.30338119458898 100.31087287498696 100.31921268800835 100.32836573870232 100.33832454067966 100.34937202157647 100.36273772293734 100.36273772293734 100.34937202157647 100.33832454067966 100.32836573870232 100.31921268800835 100.31087287498696 100.30338119458898 100.29673401888581 100.29088860065895 100.28577757029278 100.28132267837681 100.27744429055718 100.27406695108166 100.27112214689052 100.26854930829846 100.26629579477776 100.26431635244448 100.26257233898916
100.24770533386776 100.24796415487074 100.24825160174692 100.24857177822889 100.24892948898403 100.24933037117543 100.24978104978535 100.25028931907123 100.25086435111120 100.25151692940716 100.25225969983036 100.25310742104742 100.25407717925515 100.25518850374975 100.25646327581040 100.25792525978095 100.25959900594778 100.26150781190641 100.26367050051562 100.26609733727125 100.26878748394662 100.27173686706054 100.27498599580082 100.27882287700562 100.28490999156145 100.28490999156145 100.27882287700562 100.27498599580082 100.27173686706054 100.26878748394662 100.26609733727125 100.26367050051562 100.26150781190641 100.25959900594778 100.25792525978095 100.25646327581040 100.25518850374975 100.25407717925515 100.25310742104742 100.25225969983036 100.25151692940716 100.25086435111120 100.25028931907123
100.24065078659143 100.24037968856295 100.24007849448766 100.23974286462168 100.23936771083240 100.23894705362387 100.23847385223219 100.23793980444022 100.23733511384907 100.23664822489752 100.23586553103083 100.23497107082213 100.23394624321884 100.23276960027175 100.23141681855829 100.22986101318364 100.22807363768709 100.22602627913992 100.22369359594983 100.22105710418536 100.21810749133016 100.21483673670087 100.21119077079869 100.20686785384267 100.20019385557102 100.20019385557102 100.20686785384267 100.21119077079869 100.21483673670087 100.21810749133016 100.22105710418536 100.22369359594983 100.22602627913992 100.22807363768709 100.22986101318364 100.23141681855829 100.23276960027175 100.23394624321884 100.23497107082213 100.23586553103083 100.23664822489752 100.23733511384907 100.23793980444022
100.23362253665124 100.23282521406475 100.23193969893401 100.23095332712626 100.22985126006787 100.22861607092899 100.22722725296863 100.22566064020471 100.22388773352731 100.22187493242315 100.21958268669120 100.21696460885560 100.21396663417856 100.21052639278368 100.20657308313423 100.20202832530556 100.19680873289055 100.19083122950525 100.18402223469690 100.17633104066211 100.16774392495712 100.15828327198716 100.14794175312007 100.13642038265618 100.12247499055137 100.12247499055137 100.13642038265618 100.14794175312007 100.15828327198716 100.16774392495712 100.17633104066211 100.18402223469690 100.19083122950525 100.19680873289052 100.20202832530556 100.20657308313423 100.21052639278368 100.21396663417856 100.21696460885560 100.21958268669120 100.22187493242315 100.22388773352731 100.22566064020471
100.22667138793990 100.22535862904100 100.22390139951716 100.22227905567017 100.22046742051380 100.21843810984092 100.21615772900856 100.21358692199482 100.21067925732787 100.20737994407854 100.20362438962036 100.19933664654047 100.19442786067835 100.18879494432116 100.18231988626212 100.17487041381796 100.16630319096956 100.15647141324966 100.14523950879305 100.13250834726264 100.11825363756323 100.10257422510102 100.08572656032770 100.06807821871085 100.04991087112499 100.04991087112499 100.06807821871085 100.08572656032770 100.10257422510102 100.11825363756323 100.13250834726264 100.14523950879305 100.15647141324966 100.16630319096956 100.17487041381796 100.18231988626212 100.18879494432116 100.19442786067835 100.19933664654047 100.20362438962036 100.20737994407854 100.21067925732787 100.21358692199482
100.21984662167391 100.21803602221463 100.21602762861083 100.21379337791028 100.21130042551994 100.20851022991920 100.20537745679401 100.20184867275698 100.19786079947733 100.19333930497703 100.18819612468558 100.18232733851397 100.17561069514777 100.16790319355651 100.15903914217726 100.14882948161110 100.13706378352940 100.12351740955219 100.10796815231343 100.09022987708026 100.07021628761021 100.04805724722350 100.02429985183369 100.00019655903259 99.977825929130560 99.977825929130560 100.00019655903259 100.02429985183369 100.04805724722350 100.07021628761021 100.09022987708026 100.10796815231343 100.12351740955219 100.13706378352940 100.14882948161110 100.15903914217726 100.16790319355651 100.17561069514777 100.18232733851397 100.18819612468558 100.19333930497703 100.19786079947733 100.20184867275698
100.21319504453416 100.21091054322613 100.20837892208681 100.20556545735732 100.20242954744998 100.19892358435695 100.19499159537317 100.19056761148239 100.18557371449452 100.17991771387977 100.17349040982518 100.16616241784543 100.15778057393815 100.14816402863305 100.13710031106565 100.12434197008665 100.10960501116313 100.09257151024833 100.07290106054900 100.05026038094711 100.02439068532722 99.995256831170352 99.963383821149108 99.930627233492885 99.901603110077758 99.901603110077758 99.930627233492885 99.963383821149108 99.995256831170352 100.02439068532722 100.05026038094711 100.07290106054900 100.09257151024833 100.10960501116313 100.12434197008665 100.13710031106565 100.14816402863305 100.15778057393815 100.16616241784543 100.17349040982518 100.17991771387977 100.18557371449452 100.19056761148239
100.20676011406107 100.20403136500474 100.20101108480499 100.19765882059797 100.19392733601934 100.18976130754835 100.18509574763854 100.17985409615842 100.17394591063558 100.16726407417215 100.15968142907580 100.15104673719537 100.14117987067711 100.12986616134538 100.11684990702865 100.10182719691632 100.08443857357759 100.06426280144950 100.04081460112850 100.01355263429419 99.981911785409579 99.945393399081340 99.903808473111582 99.858040775646018 99.813615323305768 99.813615323305768 99.858040775646018 99.903808473111582 99.945393399081340 99.981911785409579 100.01355263429419 100.04081460112850 100.06426280144950 100.08443857357759 100.10182719691632 100.11684990702865 100.12986616134538 100.14117987067711 100.15104673719537 100.15968142907580 100.16726407417215 100.17394591063558 100.17985409615842
100.20058116884012 100.19744277227682 100.19397410714346 100.19013006389108 100.18585806696854 100.18109664449992 100.17577369109253 100.16980435171850 100.16308843629074 100.15550725116601 100.14691970383872 100.13715749861052 100.12601919173818 100.11326281217330 100.09859667736137 100.08166794553406 100.06204835934577 100.03921658217010 100.01253655705423 99.981231407604952 99.944351914127665 99.900733575352348 99.848905403532797 99.786723196866717 99.708669833880322 99.708669833880322 99.786723196866717 99.848905403532797 99.900733575352348 99.944351914127665 99.981231407604952 100.01253655705423 100.03921658217010 100.06204835934577 100.08166794553406 100.09859667736137 100.11326281217330 100.12601919173818 100.13715749861052 100.14691970383872 100.15550725116601 100.16308843629074 100.16980435171850
100.19469278765199 100.19118340622829 100.18731127013437 100.18302778658698 100.17827646164692 100.17299140037272 100.16709548071958 100.16049811940675 100.15309252350765 100.14475228787023 100.13532715129122 100.12463765680941 100.11246836265835 100.09855910274510 100.08259357019720 100.06418414650787 100.04285133968236 100.01799527855528 99.988855140696216 99.954449477204946 99.913484163042966 99.864198319576488 99.804065806842004 99.729087644218865 99.632077570199300 99.632077570199300 99.729087644218865 99.804065806842004 99.864198319576488 99.913484163042966 99.954449477204946 99.988855140696216 100.01799527855528 100.04285133968236 100.06418414650787 100.08259357019720 100.09855910274510 100.11246836265835 100.12463765680941 100.13532715129122 100.14475228787023 100.15309252350765 100.16049811940675
100.18912429714898 100.18528569005322 100.18105847094729 100.17639179281628 100.17122673269094 100.16549478520764 100.15911602834215 100.15199687601958 100.14402730442102 100.13507739910894 100.12499301228358 100.11359023331342 100.10064824418727 100.08589992612833 100.06901925533479 100.04960398955429 100.02715125338443 100.00102211576835 99.970388666407786 99.934152729960289 99.890818428830954 99.838292187531778 99.773585265065577 99.692471815794036 99.589575819674636 99.589575819674636 99.692471815794036 99.773585265065577 99.838292187531778 99.890818428830954 99.934152729960289 99.970388666407786 100.00102211576835 100.02715125338443 100.04960398955429 100.06901925533479 100.08589992612833 100.10064824418727 100.11359023331342 100.12499301228358 100.13507739910894 100.14402730442102 100.15199687601958
100.18389944176025 100.17977545304606 100.17524379201436 100.17025259298347 100.16474199965702 100.15864271651125 100.15187425038627 100.14434276111152 100.13593841249184 100.12653207527654 100.11597117510499 100.10407438984154 100.09062476375358 100.07536058932199 100.05796305687787 100.03803909242775 100.01509682570334 99.988509453941290 99.957460379699143 99.920857633365443 99.877198127498147 99.824354702188245 99.759270898006150 99.677668122699956 99.574325563431714 99.574325563431714 99.677668122699956 99.759270898006150 99.824354702188245 99.877198127498147 99.920857633365443 99.957460379699143 99.988509453941290 100.01509682570334 100.03803909242775 100.05796305687787 100.07536058932199 100.09062476375358 100.10407438984154 100.11597117510499 100.12653207527654 100.13593841249184 100.14434276111152
100.17903622259375 100.17467176219131 100.16988732613484 100.16463122275285 100.15884410089721 100.15245761998021 100.14539284729555 100.13755831336667 100.12884763294969 100.11913656605408 100.10827934444028 100.09610401561795 100.08240644371192 100.06694243000339 100.04941713314861 100.02947050573871 100.00665668620459 99.980413944211634 99.950019389772621 99.914518216477830 99.872608455531832 99.822443144292734 99.761266784929177 99.684713400162110 99.585783828834380 99.585783828834380 99.684713400162110 99.761266784929177 99.822443144292734 99.872608455531832 99.914518216477830 99.950019389772621 99.980413944211634 100.00665668620459 100.02947050573871 100.04941713314861 100.06694243000339 100.08240644371192 100.09610401561795 100.10827934444028 100.11913656605408 100.12884763294969 100.13755831336667
100.17454690446688 100.16998696035458 100.16500125705099 100.15953938025197 100.15354380523340 100.14694873766010 100.13967873480834 100.13164705637092 100.12275367859932 100.11288288397870 100.10190030798006 100.08964928016434 100.07594623204901 100.06057484781914 100.04327848900120 100.02375020274469 100.00161927750915 99.976432747882257 99.947629260528501 99.914500689250048 99.876131719393911 99.831290855852970 99.778179362246988 99.713616007108939 99.629193475494830 99.629193475494830 99.713616007108939 99.778179362246988 99.831290855852970 99.876131719393911 99.914500689250048 99.947629260528501 99.976432747882257 100.00161927750915 100.02375020274469 100.04327848900120 100.06057484781914 100.07594623204901 100.08964928016434 100.10190030798006 100.11288288397870 100.12275367859932 100.13164705637092
100.17043818239809 100.16572689994122 100.16059018135135 100.15497986374734 100.14884140149638 100.14211291693539 100.13472409564265 100.12659489794957 100.11763405255164 100.10773729109046 100.09678527455624 100.08464115400987 100.07114770153984 100.05612394777346 100.03936128166788 100.02061903330562 99.999619728538136 99.976044598554267 99.949530810723388 99.919673834631880 99.886042734969067 99.848226956034964 99.805966615520376 99.759578949203828 99.712543725952955 99.712543725952955 99.759578949203828 99.805966615520376 99.848226956034964 99.886042734969067 99.919673834631880 99.949530810723388 99.976044598554267 99.999619728538136 100.02061903330562 100.03936128166788 100.05612394777346 100.07114770153984 100.08464115400987 100.09678527455624 100.10773729109046 100.11763405255164 100.12659489794957
