validation/linesink/modaem_head.grd
DSAA
    50    50
  -100.00       100.00    
  -100.00       100.00    
   99.574       100.92    
[rows 0 to 18 of 50, columns 0 to 42 of 50]
100.34084366266283 100.34496215907043 100.34927177130380 100.35377568250487 100.35847545522952 100.36337057289541 100.36845789504837 100.37373101728453 100.37917952888711 100.38478816560074 100.39053586247348 100.39639472362370 100.40232894364721 100.40829374072472 100.41423439548186 100.42008553221497 100.42577082750573 100.43120337816593 100.43628699174283 100.44091865629828 100.44499237364070 100.44840437567628 100.45105947980959 100.45287800908024 100.45380239204437 100.45380239204437 100.45287800908024 100.45105947980959 100.44840437567628 100.44499237364070 100.44091865629828 100.43628699174283 100.43120337816593 100.42577082750573 100.42008553221497 100.41423439548186 100.40829374072472 100.40232894364721 100.39639472362370 100.39053586247348 100.38478816560074 100.37917952888711 100.37373101728453
100.34044267209117 100.34470614628530 100.34918286503409 100.35387854190002 100.35879744501443 100.36394191046152 100.36931175024380 100.37490353892170 100.38070976357822 100.38671782437777 100.39290887894489 100.39925653487465 100.40572541330940 100.41226963565367 100.41883132838420 100.42533930014103 100.43170812095227 100.43783791985257 100.44361529802521 100.44891579784525 100.45360832383312 100.45756171965144 100.46065332267646 100.46277876447145 100.46386169207574 100.46386169207574 100.46277876447145 100.46065332267646 100.45756171965144 100.45360832383312 100.44891579784525 100.44361529802521 100.43783791985257 100.43170812095227 100.42533930014103 100.41883132838420 100.41226963565367 100.40572541330940 100.39925653487465 100.39290887894489 100.38671782437777 100.38070976357822 100.37490353892170
100.33983507981357 100.34423671622505 100.34887476223970 100.35375785596345 100.35889345515842 100.36428733792719 100.36994297947535 100.37586078115157 100.38203712601113 100.38846323477186 100.39512379865654 100.40199537345480 100.40904453550156 100.41622582982930 100.42347958963347 100.43072978145611 100.43788213828908 100.44482298401041 100.45141931455498 100.45752084528483 100.46296478201920 100.46758390542402 100.47121804613545 100.47372812310707 100.47501078505124 100.47501078505124 100.47372812310707 100.47121804613545 100.46758390542402 100.46296478201920 100.45752084528483 100.45141931455498 100.44482298401041 100.43788213828908 100.43072978145611 100.42347958963347 100.41622582982930 100.40904453550156 100.40199537345480 100.39512379865654 100.38846323477186 100.38203712601113 100.37586078115157
100.33900042312261 100.34353074826014 100.34832141785282 100.35338438804106 100.35873080200537 100.36437049911967 100.37031138441890 100.37655862604203 100.38311364300324 100.38997284089075 100.39712605022068 100.40455462351078 100.41222915659134 100.42010682346502 100.42812836157245 100.43621482878574 100.44426439115207 100.45214960689759 100.45971595146965 100.46678265038538 100.47314715126586 100.47859456670511 100.48291285038385 100.48591306501642 100.48745195660095 100.48745195660095 100.48591306501642 100.48291285038385 100.47859456670511 100.47314715126586 100.46678265038538 100.45971595146965 100.45214960689759 100.44426439115207 100.43621482878574 100.42812836157245 100.42010682346502 100.41222915659134 100.40455462351078 100.39712605022068 100.38997284089075 100.38311364300324 100.37655862604203
100.33791779032910 100.34256436588284 100.34749564047900 100.35272726289584 100.35827454806397 100.36415202177737 100.37037281517004 100.37694786828611 100.38388489274490 100.39118703311473 100.39885115600157 100.40686568691912 100.41520791146849 100.42384066610127 100.43270837672287 100.44173248020142 100.45080641423819 100.45979062519059 100.46850846380053 100.47674443145785 100.48424692665266 100.49073813532966 100.49593340444196 100.49957051233798 100.50144529879478 100.50144529879478 100.49957051233798 100.49593340444196 100.49073813532966 100.48424692665266 100.47674443145785 100.46850846380053 100.45979062519059 100.45080641423819 100.44173248020142 100.43270837672287 100.42384066610127 100.41520791146849 100.40686568691912 100.39885115600157 100.39118703311473 100.38388489274490 100.37694786828611
100.33656614701307 100.34131328762729 100.34636946287551 100.35175434761021 100.35748787839044 100.36358986621370 100.37007945644201 100.37697438830590 100.38428999278648 100.39203785088596 100.40022401420153 100.40884666697292 100.41789308568671 100.42733573449831 100.43712733404811 100.44719478082803 100.45743191616329 100.46769141895004 100.47777663086245 100.48743504389375 100.49635655331640 100.50418117817630 100.51052183572322 100.51500593586398 100.51733279350260 100.51733279350260 100.51500593586398 100.51052183572322 100.50418117817630 100.49635655331640 100.48743504389375 100.47777663086245 100.46769141895004 100.45743191616329 100.44719478082803 100.43712733404811 100.42733573449831 100.41789308568671 100.40884666697292 100.40022401420153 100.39203785088596 100.38428999278648 100.37697438830590
100.33492473216397 100.33975326597300 100.34491462258315 100.35043276954373 100.35633264623499 100.36263988107389 100.36938036403696 100.37657962275611 100.38426193303700 100.39244907162849 100.40115858896820 100.41040144103815 100.42017877169062 100.43047758135121 100.44126496180961 100.45248053883923 100.46402678853075 100.47575707164359 100.48746174068837 100.49885382274942 100.50955799161697 100.51911010255937 100.52697870625033 100.53262103922921 100.53557659105454 100.53557659105454 100.53262103922921 100.52697870625033 100.51911010255937 100.50955799161697 100.49885382274942 100.48746174068837 100.47575707164359 100.46402678853075 100.45248053883923 100.44126496180961 100.43047758135121 100.42017877169062 100.41040144103815 100.40115858896820 100.39244907162849 100.38426193303700 100.37657962275611
100.33297352301216 100.33786061505957 100.34310315680928 100.34872958054102 100.35477010489635 100.36125659468352 100.36822229702767 100.37570140227859 100.38372835815633 100.39233683786452 100.40155822428932 100.41141941888864 100.42193971040329 100.43312633952829 100.44496826702400 100.45742749710261 100.47042714843691 100.48383537746780 100.49744444208716 100.51094511428985 100.52389927446183 100.53571947178027 100.54567494121986 100.55295578033176 100.55682314931002 100.55682314931002 100.55295578033176 100.54567494121986 100.53571947178027 100.52389927446183 100.51094511428985 100.49744444208716 100.48383537746780 100.47042714843691 100.45742749710261 100.44496826702400 100.43312633952829 100.42193971040329 100.41141941888864 100.40155822428932 100.39233683786452 100.38372835815633 100.37570140227859
100.33069376311434 100.33561282275195 100.34090810913021 100.34661256864111 100.35276183328300 100.35939425965996 100.36655087943096 100.37427521526956 100.38261289612534 100.39161097610901 100.40131681823443 100.41177634093219 100.42303133190862 100.43511539632381 100.44804790446470 100.46182501244247 100.47640642151664 100.49169601143070 100.50751391452513 100.52355736950012 100.53934903745863 100.55417775412259 100.56705532810260 100.57675251973166 100.58201823217362 100.58201823217362 100.57675251973166 100.56705532810260 100.55417775412259 100.53934903745863 100.52355736950012 100.50751391452513 100.49169601143070 100.47640642151664 100.46182501244247 100.44804790446470 100.43511539632381 100.42303133190862 100.41177634093219 100.40131681823443 100.39161097610901 100.38261289612534 100.37427521526956
100.32806854338301 100.33298923628983 100.33830433744568 100.34405120810312 100.35027084941495 100.35700815184433 100.36431210483755 100.37223593255234 100.38083710370124 100.39017713669087 100.40032108011246 100.41133648508995 100.42329158679351 100.43625225605783 100.45027703333727 100.46540915879378 100.48166387147428 100.49900822267426 100.51732902972671 100.53638219342426 100.55571368153515 100.57454179488160 100.59160470026740 100.60504915507084 100.61263249639816 100.61263249639816 100.60504915507084 100.59160470026740 100.57454179488160 100.55571368153515 100.53638219342426 100.51732902972671 100.49900822267426 100.48166387147428 100.46540915879378 100.45027703333727 100.43625225605783 100.42329158679351 100.41133648508995 100.40032108011246 100.39017713669087 100.38083710370124 100.37223593255234
100.32508342056497 100.32997180382546 100.33526940335284 100.34101772617623 100.34726288956222 100.35405610261810 100.36145416843789 100.36951999006465 100.37832305144279 100.38793982515288 100.39845402742381 100.40995658984126 100.42254513278212 100.43632258424016 100.45139434732174 100.46786300414618 100.48581881224669 100.50532293384366 100.52637791264007 100.54887531337144 100.57250150590048 100.59656541496433 100.61968473005217 100.63927390678553 100.65116251695306 100.65116251695306 100.63927390678553 100.61968473005217 100.59656541496433 100.57250150590048 100.54887531337144 100.52637791264007 100.50532293384366 100.48581881224669 100.46786300414618 100.45139434732174 100.43632258424016 100.42254513278212 100.40995658984126 100.39845402742381 100.38793982515288 100.37832305144279 100.36951999006465
100.32172705260925 100.32654584718640 100.33178451348975 100.33748825172006 100.34370781220716 100.35050021788886 100.35792957493371 100.36606797659910 100.37499650159880 100.38480630079007 100.39559975200012 100.40749163704719 100.42061024780608 100.43509824142967 100.45111290419638 100.46882518227486 100.48841626350770 100.51006937413570 100.53395219537363 100.56018051498839 100.58874276309844 100.61933700358476 100.65098909592993 100.68104539479489 100.70245191050564 100.70245191050564 100.68104539479489 100.65098909592993 100.61933700358476 100.58874276309844 100.56018051498839 100.53395219537363 100.51006937413570 100.48841626350770 100.46882518227486 100.45111290419638 100.43509824142967 100.42061024780608 100.40749163704719 100.39559975200012 100.38480630079007 100.37499650159880 100.36606797659910
100.31799182594470 100.32270083492675 100.32783547446080 100.33344399798528 100.33958106758854 100.34630871031818 100.35369743186686 100.36182751647769 100.37079054788977 100.38069119331071 100.39164930064349 100.40380236779971 100.41730844978515 100.43234956908029 100.44913567551959 100.46790913653686 100.48894956918781 100.51257842759046 100.53916186800807 100.56910844874196 100.60285380794707 100.64081361188414 100.68325241234659 100.72985456318109 100.77712435709057 100.77712435709057 100.72985456318109 100.68325241234659 100.64081361188414 100.60285380794707 100.56910844874196 100.53916186800807 100.51257842759046 100.48894956918781 100.46790913653686 100.44913567551959 100.43234956908029 100.41730844978515 100.40380236779971 100.39164930064349 100.38069119331071 100.37079054788977 100.36182751647769
100.31387444644925 100.31843111994066 100.32341361586298 100.32887242131754 100.33486515780781 100.34145774758250 100.34872580172230 100.35675628147597 100.36564949999041 100.37552155343650 100.38650730159193 100.39876406276294 100.41247625354477 100.42786130127472 100.44517730338382 100.46473313117856 100.48690202382976 100.51214028336953 100.54101367468238 100.57423616304649 100.61273080119001 100.65773939959870 100.71107486197241 100.77594040557899 100.86079291437608 100.86079291437608 100.77594040557899 100.71107486197241 100.65773939959870 100.61273080119001 100.57423616304649 100.54101367468238 100.51214028336953 100.48690202382976 100.46473313117856 100.44517730338382 100.42786130127472 100.41247625354477 100.39876406276294 100.38650730159193 100.37552155343650 100.36564949999041 100.35675628147597
100.30937646432248 100.31373660333637 100.31851663179592 100.32376829096744 100.32955100203351 100.33593320282669 100.34299395950245 100.35082492317083 100.35953272490006 100.36924193616301 100.38009877125495 100.39227578244699 100.40597791245592 100.42145044709262 100.43898969634024 100.45895769940249 100.48180303303523 100.50809115288567 100.53855010044096 100.57414187138599 100.61617857168289 100.66652162359298 100.72794744608652 100.80485287190665 100.90428201855389 100.90428201855389 100.80485287190665 100.72794744608652 100.66652162359298 100.61617857168289 100.57414187138599 100.53855010044096 100.50809115288567 100.48180303303523 100.45895769940249 100.43898969634024 100.42145044709262 100.40597791245592 100.39227578244699 100.38009877125495 100.36924193616301 100.35953272490006 100.35082492317083
100.30450470351343 100.30862328644359 100.31314929090796 100.31813460394086 100.32363911844998 100.32973218766577 100.33649439148026 100.34401969661701 100.35241812037975 100.36181904786660 100.37237541179299 100.38426903357436 100.39771756266374 100.41298366992109 100.43038750468942 100.45032401035880 100.47328768011924 100.49990902536126 100.53100993994951 100.56769004896378 100.61146364660519 100.66447445169470 100.72980326828556 100.81176284362138 100.91561505686501 100.91561505686501 100.81176284362138 100.72980326828556 100.66447445169470 100.61146364660519 100.56769004896378 100.53100993994951 100.49990902536126 100.47328768011924 100.45032401035880 100.43038750468942 100.41298366992109 100.39771756266374 100.38426903357436 100.37237541179299 100.36181904786660 100.35241812037975 100.34401969661701
100.29927156893538 100.30310367597717 100.30732396889842 100.31198328359021 100.31714054046449 100.32286425524944 100.32923437936476 100.33634455586906 100.34430490513935 100.35324549455522 100.36332070487478 100.37471479305565 100.38764908412149 100.40239143216162 100.41926892210479 100.43868532547518 100.46114572600770 100.48729226064286 100.51795753501837 100.55424668855692 100.59766609738318 100.65032545644307 100.71523860219057 100.79666994490792 100.90004845053151 100.90004845053151 100.79666994490792 100.71523860219057 100.65032545644307 100.59766609738318 100.55424668855692 100.51795753501837 100.48729226064286 100.46114572600770 100.43868532547518 100.41926892210479 100.40239143216162 100.38764908412149 100.37471479305565 100.36332070487478 100.35324549455522 100.34430490513935 100.33634455586906
100.29369520930814 100.29719701336072 100.30106096528272 100.30533561121935 100.31007739910942 100.31535218092105 100.32123704236048 100.32782254236409 100.33521546938199 100.34354225544114 100.35295323664384 100.36362801702822 100.37578229259942 100.38967664161315 100.40562801498774 100.42402501565680 100.44534862128492 100.47020093226543 100.49934611759464 100.53377068780324 100.57477655552320 100.62413697970462 100.68439900299428 100.75960067248658 100.85700870929193 100.85700870929193 100.75960067248658 100.68439900299428 100.62413697970462 100.57477655552320 100.53377068780324 100.49934611759464 100.47020093226543 100.44534862128492 100.42402501565680 100.40562801498774 100.38967664161315 100.37578229259942 100.36362801702822 100.35295323664384 100.34354225544114 100.33521546938199 100.32782254236409
100.28779951974258 100.29092930750471 100.29438857736722 100.29822235522572 100.30248312485959 100.30723225831248 100.31254175366954 100.31849635259097 100.32519612842660 100.33275965932702 100.34132793102785 100.35106915287304 100.36218472050629 100.37491662185452 100.38955666078843 100.40645796240393 100.42604931255582 100.44885294082540 100.47550633232750 100.50678857469802 100.54365226133685 100.58726709778387 100.63911266132938 100.70135058609456 100.77955953022412 100.77955953022412 100.70135058609456 100.63911266132938 100.58726709778387 100.54365226133685 100.50678857469802 100.47550633232750 100.44885294082540 100.42604931255582 100.40645796240393 100.38955666078843 100.37491662185452 100.36218472050629 100.35106915287304 100.34132793102785 100.33275965932702 100.32519612842660 100.31849635259097
