validation/linesink/modaem_psi.grd
DSAA
    50    50
  -100.00       100.00    
  -100.00       100.00    
  -854.31       854.31    
[rows 19 to 37 of 50, columns 0 to 41 of 50]
182.02141729455255 188.55174716037308 195.53120536043099 203.00420677633906 211.02080793386779 219.63758961760090 228.91871361073763 238.93720068892915 249.77649533233060 261.53241033919977 274.31558717188472 288.25467447983800 303.50053263020601 320.23194061923851 338.66355389907903 359.05730545391964 381.73917514589425 407.12448597940363 435.75703792349088 468.37139339856435 505.99591172058587 550.13397487033319 603.11657880978908 668.89364023271742 754.74352074378294 -754.74352074378248 -668.89364023271742 -603.11657880978908 -550.13397487033308 -505.99591172058587 -468.37139339856435 -435.75703792349088 -407.12448597940363 -381.73917514589414 -359.05730545391953 -338.66355389907909 -320.23194061923829 -303.50053263020601 -288.25467447983806 -274.31558717188466 -261.53241033919977 -249.77649533233060
184.39750468263401 191.17964605327651 198.44563842669646 206.24568766113268 214.63674661427606 223.68362625709383 233.46032801956090 244.05165219021993 255.55515496879843 268.08355209665427 281.76770371627106 296.76036918681694 313.24100111094197 331.42196847611854 351.55677939869668 373.95114144785407 398.97808421284259 427.09890166359469 458.89233683791610 495.09505760349077 536.65629497978216 584.80508219257217 641.10168567323467 707.28977330409771 783.97093144269456 -783.97093144269422 -707.28977330409771 -641.10168567323467 -584.80508219257183 -536.65629497978216 -495.09505760349077 -458.89233683791582 -427.09890166359469 -398.97808421284253 -373.95114144785413 -351.55677939869662 -331.42196847611848 -313.24100111094197 -296.76036918681683 -281.76770371627089 -268.08355209665427 -255.55515496879843
186.33496681524105 193.32465908216173 200.82713420109155 208.89746242907182 217.59838876595029 227.00163102403701 237.18943377724443 248.25643578857955 260.31192332213004 273.48256094495611 287.91571645635628 303.78352925493232 321.28791373803631 340.66674248487880 362.20151585255854 386.22688209915509 413.14238095581328 443.42661479270078 477.65334908540325 516.50683691144343 560.78729295627920 611.37966945505286 669.11146811328172 734.31926795388392 805.86481337962039 -805.86481337962016 -734.31926795388392 -669.11146811328172 -611.37966945505275 -560.78729295627920 -516.50683691144343 -477.65334908540319 -443.42661479270078 -413.14238095581317 -386.22688209915515 -362.20151585255837 -340.66674248487874 -321.28791373803631 -303.78352925493232 -287.91571645635622 -273.48256094495611 -260.31192332213004
187.80907110367974 194.95798223963979 202.64205020703173 210.92012750541113 219.85946082139520 229.53713036892100 240.04176838582009 251.47561390511333 263.95697168199797 277.62315479598482 292.63400195341575 309.17606969804609 327.46760213702635 347.76436753202876 370.36640450458106 395.62560475111496 423.95379881746015 455.83044266498297 491.80775339689501 532.50834222134540 578.60399785488107 630.74975541912909 689.41683279178039 754.52060209057561 824.75908191001952 -824.75908191001963 -754.52060209057561 -689.41683279178039 -630.74975541912897 -578.60399785488107 -532.50834222134540 -491.80775339689501 -455.83044266498297 -423.95379881745998 -395.62560475111508 -370.36640450458094 -347.76436753202859 -327.46760213702635 -309.17606969804615 -292.63400195341563 -277.62315479598482 -263.95697168199797
188.80070871834178 196.05734099452030 203.86434952206233 212.28316777815905 221.38411269535223 231.24791787566286 241.96755973588466 253.65043190357835 266.42093024795020 280.42351592810610 295.82632384337307 312.82537369352667 331.64941158042683 352.56534668809212 375.88412528745010 401.96666312371212 431.22907432019815 464.14579551826483 501.24817559727177 543.11452936581406 590.34544680068507 643.51542217501151 703.08747571293191 769.24820914336090 841.37882323564963 -841.37882323564929 -769.24820914336090 -703.08747571293191 -643.51542217501105 -590.34544680068507 -543.11452936581406 -501.24817559727160 -464.14579551826483 -431.22907432019815 -401.96666312371212 -375.88412528745005 -352.56534668809212 -331.64941158042683 -312.82537369352656 -295.82632384337290 -280.42351592810610 -266.42093024795020
189.29688877608424 196.60758374640832 204.47631291073236 212.96580940250703 222.14793513812847 232.10526019180747 242.93294121176160 254.74095274774933 267.65673023052119 281.82828448458656 297.42784109829950 314.65603697796320 333.74665988357827 354.97182709297874 378.64734008490564 405.13768684029446 434.85975124935544 468.28371287214310 505.92897935180747 548.35277803346833 596.13087817016674 649.83864883287356 710.07029124326471 777.63001587231577 854.31484599967916 -854.31484599967871 -777.63001587231577 -710.07029124326471 -649.83864883287356 -596.13087817016674 -548.35277803346833 -505.92897935180730 -468.28371287214310 -434.85975124935538 -405.13768684029446 -378.64734008490569 -354.97182709297851 -333.74665988357827 -314.65603697796320 -297.42784109829938 -281.82828448458656 -267.65673023052119
189.29107593326682 196.60108663979022 204.46902348247554 212.95759820181382 222.13864624824191 232.09470476634448 242.92088919379285 254.72712220389465 267.64077354363553 281.80977039801911 297.40623127627799 314.63065532609744 333.71665235711532 354.93610913576322 378.60452829283042 405.08601120340347 434.79694502682082 468.20688012157086 505.83444793440646 548.23596291842534 595.98621176110669 649.65968387841667 709.85012978538839 777.36219868066723 853.99464157468776 -853.99464157468765 -777.36219868066723 -709.85012978538839 -649.65968387841644 -595.98621176110669 -548.23596291842534 -505.83444793440640 -468.20688012157086 -434.79694502682082 -405.08601120340347 -378.60452829283037 -354.93610913576305 -333.71665235711532 -314.63065532609733 -297.40623127627805 -281.80977039801911 -267.64077354363553
188.78336033397306 196.03795707187086 203.84260985138314 212.25868902723491 221.35643350745855 231.21647989925998 241.93168334172469 253.60928493316769 266.37348758561893 280.36850695364649 295.76216385246960 312.75007411835668 331.56046227309230 352.45956168617937 375.75744158858862 401.81388070189394 431.04352648157766 463.91894514623340 500.96915187345218 542.76966424310933 589.91796165488006 642.98557390039218 702.43367799879047 768.44971971340340 840.42006546653397 -840.42006546653386 -768.44971971340340 -702.43367799879047 -642.98557390039207 -589.91796165488006 -542.76966424310933 -500.96915187345195 -463.91894514623340 -431.04352648157749 -401.81388070189394 -375.75744158858856 -352.45956168617931 -331.56046227309230 -312.75007411835657 -295.76216385246954 -280.36850695364649 -266.37348758561893
187.78045449291128 194.92602976821627 202.60624116813574 210.87983943331486 219.81394568520034 229.48548432265881 239.98289311656549 251.40816697318175 263.87930237642627 277.53322086035723 292.52926097978030 309.05333693484397 327.32286380962751 347.59253548457463 370.16099416462902 395.37831465948739 423.65396784455754 455.46436441618533 491.35784496414908 531.95221541861793 577.91360478825584 629.89104990093801 688.35089870936076 753.20786638141624 823.16803442260880 -823.16803442260846 -753.20786638141624 -688.35089870936076 -629.89104990093779 -577.91360478825584 -531.95221541861793 -491.35784496414897 -455.46436441618533 -423.65396784455749 -395.37831465948733 -370.16099416462907 -347.59253548457451 -327.32286380962751 -309.05333693484408 -292.52926097978025 -277.53322086035723 -263.87930237642627
186.29551729027534 193.28065565948788 200.77787433241929 208.84210807864008 217.53593515673811 226.93086703932738 237.10889150893797 248.16432589689282 260.20605175500879 273.36022105692467 287.77354852958064 303.61733668464973 321.09242148447441 340.43527857243430 361.92559049816953 385.89563142795271 412.74183369244111 442.93873269046151 477.05479071280615 515.76741494659177 559.86817923395790 610.23166815726222 667.67445510776997 732.52591552596903 803.65497843925141 -803.65497843925118 -732.52591552596903 -667.67445510776997 -610.23166815726199 -559.86817923395790 -515.76741494659177 -477.05479071280598 -442.93873269046151 -412.74183369244111 -385.89563142795271 -361.92559049816947 -340.43527857243430 -321.09242148447441 -303.61733668464962 -287.77354852958058 -273.36022105692467 -260.20605175500879
184.34781083967729 191.12429013301193 198.38376060691942 206.17626527829083 214.55855733138577 223.59520159039596 233.35989437486808 243.93705562933428 255.42376466619203 267.93213573246157 281.59226571001534 296.55593946433362 313.00135767357085 331.13927092537779 351.22108207906143 373.54974303073419 398.49465395694625 426.51229925076450 458.17500989539781 494.21085610319221 535.55748777212398 583.42834088316158 639.36309254038861 705.08115613830887 781.17213377873907 -781.17213377873895 -705.08115613830887 -639.36309254038861 -583.42834088316135 -535.55748777212398 -494.21085610319221 -458.17500989539775 -426.51229925076450 -398.49465395694619 -373.54974303073425 -351.22108207906143 -331.13927092537779 -313.00135767357085 -296.55593946433351 -281.59226571001557 -267.93213573246157 -255.42376466619203
181.96220157995958 188.48589371817712 195.45772617353060 202.92193103048459 210.92834173716929 219.53326546195962 228.80052662186429 238.80272776496497 249.62279198905361 261.35587833034560 274.11180354496571 288.01816937885206 303.22449844100441 319.90784831045426 338.28064258149777 358.60189649464860 381.19373953747692 406.46635737093402 434.95660254044765 467.38947808561687 504.77987626561674 548.61154555341670 601.18528793883138 666.40040386073701 751.44296159408793 -751.44296159408759 -666.40040386073701 -601.18528793883138 -548.61154555341659 -504.77987626561674 -467.38947808561687 -434.95660254044753 -406.46635737093402 -381.19373953747686 -358.60189649464860 -338.28064258149783 -319.90784831045420 -303.22449844100441 -288.01816937885195 -274.11180354496554 -261.35587833034560 -249.62279198905361
179.16852248914196 185.40016494059691 192.04024913057771 199.12646518983388 206.70086004826854 214.81044723008108 223.50792881729157 232.85256238889036 242.91122104558323 253.75971899347550 265.48451445094821 278.18496572097291 291.97642185808536 306.99460513970371 323.40203843519384 341.39777498629502 361.23256153095178 383.23310892577570 407.84194914003695 435.68468033289400 467.68726703466473 505.29124630676324 550.88638763572703 608.85140138376664 688.96711432125073 -688.96711432125051 -608.85140138376664 -550.88638763572703 -505.29124630676318 -467.68726703466473 -435.68468033289400 -407.84194914003683 -383.23310892577570 -361.23256153095178 -341.39777498629508 -323.40203843519396 -306.99460513970359 -291.97642185808536 -278.18496572097291 -265.48451445094827 -253.75971899347550 -242.91122104558323
176.00081865902956 181.90663178736037 188.17736390625359 194.84364524645301 201.93913017463603 209.50082192778092 217.56944109146630 226.18985193380905 235.41156994570244 245.28938980602561 255.88420017659809 267.26409829335614 279.50599723675543 292.69805658080963 306.94350651742695 322.36685528719875 339.12421309685686 357.42079276804742 377.54101705402024 399.90080905994853 425.13836739581973 454.26787598979206 488.91451965430588 531.51665556284979 584.37436360603408 -584.37436360603397 -531.51665556284979 -488.91451965430588 -454.26787598979200 -425.13836739581973 -399.90080905994853 -377.54101705402024 -357.42079276804742 -339.12421309685686 -322.36685528719863 -306.94350651742690 -292.69805658080975 -279.50599723675543 -267.26409829335603 -255.88420017659811 -245.28938980602561 -235.41156994570244
172.49650330493881 178.04863456909368 183.91943252583951 190.13217867017096 196.71181147043475 203.68495764752936 211.07993367338179 218.92670920278391 227.25682470841750 236.10325849721880 245.50024571061675 255.48306770403519 266.08786124050062 277.35155559654646 289.31215446916383 302.00977975203938 315.48926143165164 329.80572723490246 345.03583819019536 361.29928728993707 378.79766816391503 397.87708656752420 419.09700389879112 443.16803380116079 470.31937288334842 -470.31937288334825 -443.16803380116079 -419.09700389879112 -397.87708656752409 -378.79766816391503 -361.29928728993707 -345.03583819019531 -329.80572723490246 -315.48926143165176 -302.00977975203938 -289.31215446916383 -277.35155559654635 -266.08786124050062 -255.48306770403514 -245.50024571061675 -236.10325849721880 -227.25682470841750
168.69545521387522 173.87223834995547 179.31982972787358 185.05410763712496 191.09126207367541 197.44754033365612 204.13888999424887 211.18046754066506 218.58597162633498 226.36674785380708 234.53059598313450 243.08018900625720 252.01098403279448 261.30846329424816 270.94448298827359 280.87241695638130 291.02064365038814 301.28371467672099 311.51024870111991 321.48631420569859 330.91347197541347 339.38492292907273 346.38387408167182 351.40025411956100 354.38241765167447 -354.38241765167447 -351.40025411956100 -346.38387408167182 -339.38492292907267 -330.91347197541347 -321.48631420569859 -311.51024870111985 -301.28371467672099 -291.02064365038808 -280.87241695638124 -270.94448298827353 -261.30846329424833 -252.01098403279448 -243.08018900625709 -234.53059598313456 -226.36674785380708 -218.58597162633498
164.63909121212387 169.42511685360728 174.43359449000673 179.67317244210307 185.15154258703990 190.87492458274042 196.84738172614635 203.06991532582242 209.53926606757230 216.24632476305513 223.17401703215350 230.29447017382790 237.56518439807525 244.92379516730080 252.28079423872515 259.50921281450815 266.42965137930184 272.78797499429436 278.22116720734590 282.20386788294650 283.96420153445342 282.35710931598271 275.71398460035658 261.88727104813665 239.58046887946622 -239.58046887946628 -261.88727104813665 -275.71398460035658 -282.35710931598277 -283.96420153445342 -282.20386788294650 -278.22116720734573 -272.78797499429436 -266.42965137930184 -259.50921281450809 -252.28079423872509 -244.92379516730082 -237.56518439807525 -230.29447017382779 -223.17401703215353 -216.24632476305513 -209.53926606757230
160.36944806256381 164.75545119863688 169.31610305113645 174.05320429698122 178.96645791950107 184.05273136601625 189.30509756670133 194.71158533358511 200.25354455251957 205.90349539356529 211.62227746287166 217.35523446015384 223.02704575523074 228.53461957530652 233.73714263342441 238.44184721578131 242.38314219036135 245.19114522234946 246.34274139354625 245.08284849540237 240.29292126383427 230.26136620286167 212.25847646693094 181.69693716452025 130.98008889831925 -130.98008889831948 -181.69693716452025 -212.25847646693094 -230.26136620286164 -240.29292126383427 -245.08284849540237 -246.34274139354639 -245.19114522234946 -242.38314219036130 -238.44184721578139 -233.73714263342447 -228.53461957530655 -223.02704575523074 -217.35523446015378 -211.62227746287158 -205.90349539356529 -200.25354455251957
155.92830702501033 159.91088552774880 164.02181724743804 168.25661724259535 172.60772896002942 177.06361523483267 181.60759276393998 186.21633133224546 190.85791085569707 195.48928879878341 200.05297124725129 204.47259240923447 208.64697236136976 212.44201254583268 215.67945326367084 218.12096989302580 219.44516597426309 219.21342916869085 216.81773334618993 211.39790148859049 201.70394928288732 185.84956710983636 160.81221320701457 121.16786037129600 54.245756553939870 -54.245756553940197 -121.16786037129600 -160.81221320701457 -185.84956710983650 -201.70394928288732 -211.39790148859049 -216.81773334618987 -219.21342916869085 -219.44516597426298 -218.12096989302586 -215.67945326367089 -212.44201254583268 -208.64697236136976 -204.47259240923441 -200.05297124725135 -195.48928879878341 -190.85791085569707
